505298.0 606820.0 822127.0 361968.0 671185.0 592716.0 124096.0 823816.0 914025.0 82880.0 125985.0 940239.0 976258.0 205404.0 481730.0 959689.0 
197578.0 920515.0 905453.0 432511.0 645190.0 732000.0 453283.0 835279.0 198266.0 315847.0 643605.0 284956.0 998641.0 807481.0 700156.0 418853.0 
251754.0 33734.0 61077.0 491252.0 37919.0 407501.0 961085.0 137453.0 379891.0 95199.0 457572.0 353478.0 609015.0 173826.0 225585.0 658581.0 
112537.0 761169.0 381554.0 925572.0 467113.0 893377.0 369406.0 589474.0 459721.0 465214.0 52970.0 100116.0 193713.0 81972.0 80100.0 928681.0 
629276.0 378665.0 589295.0 406155.0 201555.0 715015.0 446459.0 430480.0 847700.0 503288.0 912544.0 739632.0 575007.0 149418.0 846007.0 921298.0 
637468.0 398962.0 125205.0 147519.0 744812.0 913484.0 588325.0 954552.0 340490.0 544640.0 117537.0 60194.0 234014.0 970401.0 382701.0 293663.0 
666846.0 528496.0 239952.0 105273.0 309921.0 136605.0 61775.0 656568.0 373378.0 753773.0 995816.0 120339.0 321453.0 159351.0 241256.0 450307.0 
905417.0 66952.0 164265.0 356658.0 831618.0 352742.0 204204.0 803859.0 827313.0 831026.0 423823.0 894987.0 749931.0 950822.0 224107.0 811532.0 
877539.0 548222.0 181708.0 952323.0 895869.0 985140.0 910990.0 546855.0 117680.0 677027.0 979280.0 96434.0 644310.0 40141.0 884824.0 182253.0 
609107.0 750200.0 69315.0 907619.0 33632.0 161331.0 807719.0 232759.0 874867.0 120054.0 587335.0 575314.0 930957.0 154471.0 895537.0 738868.0 
774111.0 202553.0 602168.0 101548.0 343834.0 977007.0 303306.0 711843.0 142930.0 16191.0 853613.0 661714.0 789901.0 67793.0 80474.0 669972.0 
75822.0 316454.0 329142.0 820501.0 19833.0 79894.0 794089.0 173034.0 206722.0 667250.0 697629.0 488251.0 852279.0 938504.0 203221.0 403355.0 
713158.0 392772.0 796071.0 162424.0 388076.0 985907.0 251096.0 40238.0 911836.0 248419.0 25618.0 822262.0 281864.0 810471.0 80708.0 909499.0 
90830.0 54391.0 459734.0 9293.0 102082.0 181875.0 777224.0 11630.0 42132.0 357576.0 896166.0 190730.0 528414.0 708779.0 755242.0 886660.0 
973197.0 35587.0 145326.0 394540.0 900777.0 129315.0 239180.0 940364.0 968578.0 407477.0 339412.0 919778.0 731577.0 4018.0 719273.0 797927.0 
440104.0 615949.0 516280.0 845966.0 741295.0 423216.0 662486.0 439240.0 170332.0 165533.0 697973.0 65092.0 625014.0 963447.0 535235.0 921653.0 
