163193.0 600472.0 775231.0 316018.0 793881.0 352072.0 736591.0 381357.0 471122.0 82173.0 769851.0 792265.0 581252.0 159821.0 952662.0 893806.0 26963.0 459865.0 471682.0 486301.0 236418.0 153291.0 499166.0 94712.0 870521.0 149166.0 211549.0 551850.0 285993.0 325546.0 468210.0 297780.0 
844038.0 136730.0 732007.0 503957.0 833203.0 759052.0 382925.0 685142.0 936252.0 684692.0 507918.0 573871.0 726780.0 278669.0 46430.0 848409.0 731231.0 321134.0 789648.0 209521.0 595906.0 61316.0 911237.0 514118.0 901431.0 412049.0 96255.0 739135.0 894116.0 87937.0 431571.0 575468.0 
754059.0 318597.0 833981.0 798311.0 252644.0 972495.0 513230.0 256614.0 846182.0 834984.0 347072.0 537121.0 536356.0 515889.0 75946.0 725402.0 778580.0 889844.0 121422.0 854670.0 79852.0 939622.0 456528.0 783222.0 989542.0 842107.0 561282.0 984826.0 927842.0 753958.0 884634.0 861299.0 
645929.0 314348.0 318149.0 465307.0 71823.0 459940.0 514196.0 866388.0 465011.0 557837.0 35733.0 788817.0 693729.0 660620.0 574589.0 137381.0 536214.0 291968.0 256512.0 17894.0 299939.0 497027.0 249347.0 754941.0 202026.0 656576.0 520297.0 945229.0 756997.0 422380.0 483402.0 838654.0 
827335.0 116259.0 53122.0 442469.0 929818.0 254303.0 312037.0 499282.0 948679.0 933399.0 326032.0 523253.0 886165.0 395634.0 10651.0 147245.0 89928.0 959206.0 643306.0 981999.0 195914.0 652530.0 759267.0 296847.0 603560.0 678452.0 796602.0 412078.0 101939.0 594791.0 817959.0 360321.0 
233095.0 926461.0 617977.0 802169.0 576296.0 906197.0 148996.0 998420.0 797384.0 743002.0 693366.0 740672.0 163173.0 973687.0 392392.0 132135.0 216655.0 464634.0 283344.0 941532.0 986951.0 836292.0 95411.0 401184.0 536003.0 357226.0 621111.0 622992.0 262991.0 740204.0 579510.0 157871.0 
151821.0 586960.0 996462.0 497292.0 136797.0 761818.0 261814.0 14672.0 750807.0 721961.0 113675.0 327014.0 668341.0 429425.0 628745.0 195399.0 817038.0 724368.0 759029.0 995361.0 833469.0 389007.0 932791.0 249123.0 211808.0 914680.0 830053.0 902247.0 306492.0 364239.0 484794.0 68093.0 
897982.0 795630.0 86245.0 228944.0 573852.0 242816.0 40446.0 134072.0 260442.0 873754.0 731475.0 982043.0 486121.0 68657.0 322081.0 319360.0 295146.0 339772.0 979998.0 419634.0 951248.0 95783.0 855219.0 62285.0 337187.0 939312.0 536903.0 373672.0 556832.0 193890.0 503479.0 387487.0 
654846.0 268268.0 823522.0 916411.0 504011.0 680670.0 957920.0 376000.0 372021.0 874815.0 258578.0 410644.0 345381.0 591309.0 931092.0 647879.0 267398.0 436498.0 383055.0 191875.0 148580.0 334751.0 471084.0 810385.0 336431.0 942312.0 340515.0 487493.0 267102.0 801467.0 261169.0 129352.0 
262832.0 817438.0 57256.0 740096.0 243405.0 120325.0 209376.0 640414.0 570571.0 540717.0 74251.0 362499.0 725326.0 491736.0 849383.0 378896.0 284039.0 447845.0 719948.0 213705.0 168541.0 811147.0 331237.0 320612.0 155048.0 329458.0 523835.0 135668.0 824665.0 442222.0 745389.0 957997.0 
564280.0 762904.0 202300.0 499283.0 562054.0 580235.0 573187.0 722052.0 199105.0 932024.0 892547.0 516702.0 981702.0 896487.0 690652.0 917582.0 428880.0 525771.0 142104.0 817398.0 487006.0 487872.0 136098.0 628666.0 343923.0 334563.0 821524.0 581160.0 102647.0 265742.0 703534.0 992833.0 
824443.0 258862.0 511330.0 830312.0 313882.0 347075.0 752331.0 724646.0 807227.0 488820.0 680126.0 83928.0 489842.0 875661.0 685817.0 606774.0 317126.0 928918.0 513465.0 650944.0 530253.0 454353.0 359336.0 829639.0 944308.0 983311.0 727218.0 426645.0 280923.0 257391.0 409208.0 420410.0 
708893.0 148980.0 191070.0 837684.0 259117.0 726850.0 683135.0 394938.0 942556.0 255861.0 108544.0 900709.0 30007.0 708062.0 737666.0 685307.0 585932.0 907484.0 700145.0 68954.0 152077.0 704466.0 997241.0 588798.0 301006.0 953226.0 820633.0 429871.0 427497.0 553510.0 440655.0 231050.0 
722689.0 411198.0 522867.0 618281.0 598883.0 314331.0 324256.0 667378.0 486536.0 718159.0 806093.0 626809.0 353079.0 423727.0 489337.0 856339.0 717639.0 630511.0 702661.0 184.0 144962.0 689240.0 381851.0 217619.0 225446.0 849576.0 19852.0 325738.0 836805.0 970310.0 56504.0 476005.0 
336780.0 908320.0 991078.0 584061.0 414752.0 686179.0 216820.0 383362.0 982116.0 210838.0 144104.0 951048.0 86679.0 45524.0 730212.0 18159.0 872091.0 159076.0 954296.0 451726.0 10768.0 262262.0 988946.0 377020.0 472479.0 122685.0 631440.0 658554.0 873683.0 455587.0 387382.0 132864.0 
478049.0 113901.0 317691.0 841379.0 722376.0 259565.0 688318.0 704799.0 342291.0 906718.0 691990.0 514695.0 527292.0 944607.0 652103.0 768518.0 502571.0 396495.0 723664.0 391697.0 798172.0 563393.0 407904.0 862187.0 148830.0 655900.0 31401.0 359380.0 443447.0 721426.0 839310.0 811599.0 
288357.0 627579.0 504758.0 205263.0 913727.0 345549.0 344002.0 833021.0 681338.0 894522.0 468379.0 163432.0 67144.0 862247.0 410148.0 842506.0 595291.0 117124.0 585295.0 170483.0 36104.0 615308.0 790091.0 14613.0 369862.0 125787.0 856539.0 980715.0 418581.0 316071.0 345666.0 330502.0 
149115.0 731100.0 364827.0 819381.0 878825.0 15128.0 554885.0 422032.0 494205.0 285760.0 83002.0 531361.0 892641.0 209021.0 795649.0 454768.0 110736.0 939479.0 994426.0 934954.0 413817.0 989164.0 844631.0 150317.0 880700.0 65676.0 212202.0 258035.0 371409.0 811380.0 602008.0 354776.0 
523912.0 119334.0 379309.0 992713.0 450666.0 741793.0 331338.0 748043.0 474943.0 575746.0 805497.0 502629.0 703081.0 932279.0 468321.0 673388.0 15854.0 345244.0 478868.0 679337.0 73299.0 150388.0 541638.0 229736.0 540131.0 54277.0 357721.0 616096.0 583503.0 978512.0 476499.0 166650.0 
164783.0 351851.0 273777.0 576512.0 980583.0 595133.0 258709.0 926179.0 585189.0 320726.0 590362.0 808872.0 962566.0 177320.0 816840.0 469169.0 132568.0 322470.0 386019.0 511076.0 386682.0 742776.0 650270.0 962042.0 474528.0 287512.0 637165.0 165606.0 459187.0 628236.0 206968.0 334623.0 
489365.0 832320.0 790379.0 41612.0 949378.0 407167.0 655018.0 177803.0 408850.0 199950.0 898018.0 184159.0 910554.0 451429.0 542331.0 927412.0 962675.0 374795.0 181545.0 298639.0 673042.0 781645.0 49634.0 700182.0 905238.0 595546.0 560746.0 611961.0 117665.0 923134.0 224522.0 30588.0 
838045.0 541177.0 111775.0 612387.0 996320.0 38780.0 405134.0 981497.0 175082.0 844799.0 21077.0 139388.0 720075.0 647041.0 190269.0 684136.0 361762.0 638493.0 434027.0 468894.0 203968.0 654470.0 907222.0 672241.0 966122.0 973855.0 844115.0 621646.0 36413.0 739961.0 443661.0 311493.0 
967404.0 812458.0 194768.0 584696.0 49317.0 906310.0 533380.0 241951.0 551123.0 85565.0 755766.0 712437.0 512700.0 665873.0 987090.0 426690.0 287625.0 980018.0 900333.0 88326.0 664870.0 448823.0 662911.0 167039.0 743616.0 75835.0 598318.0 584343.0 840491.0 569298.0 15429.0 983470.0 
940006.0 347559.0 559235.0 765887.0 389302.0 771764.0 838160.0 407921.0 136110.0 965276.0 996811.0 386812.0 808592.0 673256.0 141566.0 135158.0 750542.0 234076.0 518963.0 773690.0 35881.0 284021.0 298720.0 441587.0 921403.0 55938.0 863165.0 414474.0 946896.0 79836.0 645174.0 12266.0 
152366.0 822212.0 986748.0 98796.0 815797.0 342231.0 879479.0 59044.0 724769.0 589424.0 742870.0 469703.0 447789.0 149658.0 450886.0 388151.0 354386.0 742320.0 765760.0 173933.0 183214.0 388308.0 316029.0 1026.0 320575.0 21512.0 905733.0 232090.0 616462.0 121836.0 373349.0 352622.0 
341032.0 181332.0 903423.0 727924.0 263047.0 354949.0 963067.0 56172.0 788432.0 422605.0 992732.0 638537.0 561014.0 990652.0 273389.0 540219.0 686780.0 614338.0 335834.0 445077.0 648087.0 532583.0 841946.0 345696.0 404145.0 351521.0 280522.0 952379.0 246346.0 813461.0 273750.0 552877.0 
726841.0 10733.0 410832.0 994889.0 419217.0 798610.0 26466.0 480700.0 144159.0 192134.0 52064.0 979639.0 750095.0 855009.0 936823.0 734707.0 652910.0 936422.0 155139.0 812709.0 466249.0 922242.0 632444.0 927168.0 95285.0 493152.0 171087.0 885346.0 37352.0 131691.0 392779.0 98652.0 
39173.0 662113.0 582898.0 228897.0 476021.0 456785.0 972656.0 300938.0 4720.0 853041.0 247272.0 195395.0 514140.0 208414.0 480553.0 402710.0 207436.0 473712.0 267327.0 963922.0 734121.0 929209.0 720998.0 22359.0 781934.0 723419.0 42394.0 793153.0 934541.0 749635.0 311818.0 564463.0 
776495.0 389510.0 959914.0 466479.0 685209.0 38550.0 421992.0 245703.0 987754.0 774496.0 533558.0 721762.0 885312.0 968134.0 218822.0 760982.0 513723.0 934580.0 566612.0 592270.0 689177.0 53153.0 643868.0 914713.0 543937.0 355940.0 574637.0 794126.0 491739.0 633136.0 114134.0 118873.0 
895964.0 271726.0 308540.0 129767.0 143583.0 311094.0 460749.0 404970.0 185647.0 275049.0 26447.0 596041.0 179553.0 941421.0 317842.0 403496.0 50206.0 244742.0 242372.0 902991.0 569663.0 500878.0 180067.0 542521.0 337617.0 429073.0 776973.0 789819.0 943927.0 432839.0 40307.0 674063.0 
59439.0 662574.0 546220.0 856061.0 417581.0 139652.0 677158.0 70437.0 710947.0 510110.0 394807.0 718635.0 571362.0 283112.0 63121.0 768063.0 78682.0 834554.0 815060.0 656775.0 504893.0 864082.0 733374.0 258092.0 304770.0 355572.0 546238.0 320510.0 687174.0 831771.0 802918.0 970693.0 
955725.0 878042.0 382526.0 31205.0 847333.0 594836.0 873908.0 754093.0 73579.0 159188.0 759089.0 348732.0 750823.0 296010.0 689672.0 82128.0 92435.0 968739.0 753032.0 108396.0 570425.0 898948.0 614577.0 250278.0 333434.0 955490.0 340163.0 361994.0 580906.0 426752.0 302321.0 339886.0 
