885569.0 113540.0 435832.0 309195.0 76286.0 667401.0 484439.0 42210.0 981191.0 130912.0 12063.0 490778.0 182774.0 962676.0 172411.0 636671.0 20629.0 937507.0 394695.0 384383.0 797001.0 750879.0 539020.0 545182.0 830876.0 791157.0 927702.0 764096.0 141669.0 670634.0 838388.0 794083.0 
302486.0 237121.0 634124.0 529840.0 162530.0 670554.0 737496.0 729190.0 418889.0 427252.0 638529.0 37558.0 650305.0 541203.0 607574.0 150958.0 471298.0 671421.0 469481.0 413709.0 451247.0 271774.0 618310.0 889141.0 118620.0 258955.0 594385.0 756414.0 481600.0 38243.0 517371.0 57894.0 
974520.0 509842.0 44768.0 268519.0 825525.0 376495.0 74817.0 996705.0 217028.0 425029.0 687193.0 664247.0 561080.0 271279.0 784158.0 1270.0 830902.0 696157.0 249685.0 544879.0 582557.0 525811.0 859154.0 199141.0 285712.0 334992.0 457227.0 156194.0 497441.0 986092.0 749912.0 561572.0 
136283.0 573018.0 691402.0 479157.0 639852.0 747885.0 578085.0 988120.0 349677.0 963767.0 627259.0 271839.0 824272.0 617324.0 785446.0 170650.0 29861.0 696614.0 294049.0 254633.0 2697.0 446018.0 613507.0 870387.0 71787.0 561767.0 165786.0 933295.0 1404.0 286119.0 80352.0 713119.0 
647027.0 191549.0 610076.0 626653.0 348090.0 823414.0 147352.0 569998.0 244920.0 450861.0 16891.0 218099.0 167548.0 45743.0 807490.0 364830.0 750083.0 529853.0 968991.0 982145.0 207334.0 615791.0 785518.0 557794.0 708259.0 826229.0 825296.0 811114.0 499909.0 261689.0 915686.0 102621.0 
304755.0 540512.0 354860.0 191141.0 16083.0 355632.0 545775.0 32519.0 852377.0 427340.0 634092.0 108407.0 201712.0 236442.0 198535.0 954694.0 272131.0 13637.0 650981.0 86393.0 59624.0 746462.0 151782.0 119990.0 734889.0 132317.0 592834.0 826392.0 780529.0 831110.0 347391.0 873313.0 
920080.0 225447.0 983052.0 95695.0 389419.0 498301.0 754430.0 320071.0 418819.0 753719.0 813540.0 781998.0 543712.0 910162.0 985800.0 113303.0 854937.0 195683.0 573765.0 761430.0 29571.0 42611.0 411648.0 702771.0 9844.0 864516.0 833988.0 471674.0 133875.0 423410.0 527742.0 831088.0 
597309.0 39797.0 680081.0 28256.0 160246.0 252419.0 862679.0 599251.0 811819.0 935762.0 567670.0 242333.0 576320.0 398971.0 598746.0 13204.0 128251.0 420282.0 539028.0 36892.0 149227.0 746002.0 94927.0 998174.0 73270.0 513166.0 614570.0 169175.0 762942.0 89953.0 113527.0 165068.0 
677168.0 488751.0 896720.0 137948.0 435305.0 608933.0 719569.0 742574.0 231364.0 717506.0 44533.0 462728.0 422788.0 119993.0 726864.0 956673.0 279259.0 293871.0 75686.0 350863.0 236245.0 149023.0 781415.0 2746.0 253412.0 54301.0 72968.0 425394.0 212936.0 488312.0 2623.0 521083.0 
501211.0 886712.0 642331.0 691014.0 212406.0 901062.0 251581.0 51484.0 305987.0 748779.0 253559.0 423539.0 754401.0 955825.0 275839.0 213411.0 637485.0 997030.0 175183.0 11762.0 767859.0 368510.0 79709.0 206155.0 93553.0 823960.0 742002.0 153614.0 53956.0 931161.0 752426.0 555393.0 
354226.0 999157.0 872199.0 101155.0 960019.0 271564.0 476017.0 574945.0 642268.0 487280.0 866446.0 57314.0 845705.0 570885.0 876474.0 823869.0 21159.0 880962.0 762851.0 847050.0 343355.0 974612.0 852420.0 828054.0 521490.0 981601.0 686012.0 742576.0 584167.0 954601.0 905610.0 357664.0 
581162.0 512841.0 318312.0 821368.0 139891.0 545818.0 148032.0 20162.0 209795.0 207862.0 129359.0 39960.0 782770.0 503642.0 106453.0 44627.0 547259.0 90279.0 425142.0 257307.0 542240.0 347331.0 462321.0 34334.0 372539.0 435292.0 652858.0 391132.0 236771.0 402445.0 834229.0 837854.0 
529207.0 632153.0 126801.0 224646.0 61706.0 539988.0 103295.0 324290.0 695851.0 279072.0 719438.0 424475.0 631695.0 776533.0 232165.0 243050.0 137629.0 339450.0 840220.0 391721.0 821846.0 51632.0 68663.0 619879.0 622368.0 388719.0 459391.0 607317.0 654637.0 931815.0 458431.0 113150.0 
180748.0 601928.0 357080.0 346196.0 908.0 807709.0 750657.0 883685.0 859081.0 448787.0 130847.0 571629.0 112980.0 765400.0 630653.0 466692.0 586883.0 199199.0 784552.0 310712.0 647122.0 809407.0 846314.0 768821.0 489716.0 899003.0 457249.0 391649.0 690746.0 263645.0 228795.0 728004.0 
931615.0 160187.0 738576.0 549093.0 615853.0 403611.0 874907.0 280624.0 42192.0 44275.0 103254.0 988626.0 236150.0 619337.0 862450.0 978343.0 260959.0 183737.0 588144.0 139147.0 339718.0 555413.0 516703.0 248589.0 216236.0 23654.0 781170.0 264706.0 370621.0 625553.0 205309.0 874229.0 
191009.0 629909.0 903628.0 502396.0 275298.0 503601.0 909664.0 249318.0 879861.0 50530.0 30791.0 948368.0 120103.0 874634.0 711959.0 465815.0 808421.0 668077.0 34950.0 821159.0 610216.0 508308.0 187113.0 583346.0 781627.0 847508.0 965063.0 331773.0 649770.0 5033.0 563482.0 25940.0 
708489.0 777211.0 263521.0 729886.0 619806.0 74691.0 553060.0 237515.0 263788.0 103047.0 478854.0 951273.0 995741.0 619137.0 493184.0 151958.0 600523.0 253342.0 711936.0 865552.0 744234.0 391074.0 370973.0 824744.0 263190.0 876776.0 53173.0 740822.0 551349.0 725831.0 648037.0 25509.0 
10057.0 308561.0 393380.0 889487.0 451733.0 401589.0 468028.0 109283.0 208616.0 6020.0 99622.0 647586.0 74186.0 432464.0 453826.0 612138.0 634946.0 347696.0 385072.0 660106.0 569794.0 215585.0 545422.0 753012.0 581617.0 600519.0 46286.0 210256.0 746003.0 638417.0 970098.0 584365.0 
692118.0 330618.0 641959.0 623314.0 22651.0 662827.0 227260.0 828915.0 236638.0 485117.0 204477.0 922367.0 629988.0 360285.0 150384.0 106390.0 684673.0 744329.0 176811.0 227416.0 496803.0 53046.0 726352.0 962777.0 956607.0 419220.0 326695.0 917296.0 479222.0 248105.0 268310.0 718447.0 
439011.0 736538.0 152191.0 654765.0 518532.0 363657.0 375478.0 63998.0 48898.0 112855.0 735133.0 924612.0 851806.0 49994.0 150559.0 422815.0 394170.0 513162.0 450373.0 98687.0 854146.0 564806.0 97080.0 771675.0 199669.0 871604.0 254676.0 907066.0 391828.0 940917.0 866276.0 147567.0 
538661.0 587606.0 106624.0 390818.0 426020.0 302131.0 736384.0 540680.0 198727.0 337718.0 342620.0 455284.0 875373.0 51261.0 641250.0 817415.0 104354.0 144346.0 881042.0 145412.0 880657.0 420915.0 268953.0 719358.0 847559.0 581386.0 5352.0 509490.0 622559.0 630744.0 355569.0 80369.0 
997904.0 584850.0 481726.0 902198.0 292687.0 391949.0 804206.0 350806.0 666146.0 751293.0 381324.0 103253.0 165699.0 212569.0 363853.0 595988.0 690285.0 267099.0 685222.0 594408.0 399238.0 380963.0 948424.0 889287.0 387624.0 149435.0 962617.0 113372.0 516365.0 504245.0 411536.0 544954.0 
57815.0 823409.0 863565.0 826988.0 590394.0 567547.0 928978.0 658411.0 787527.0 524561.0 658050.0 387305.0 179669.0 242625.0 971509.0 14474.0 29518.0 489521.0 200021.0 771826.0 693907.0 458873.0 366872.0 566201.0 36365.0 667754.0 255322.0 464635.0 451281.0 736114.0 869270.0 974285.0 
79791.0 702295.0 1281.0 586698.0 201560.0 964193.0 37379.0 678219.0 667881.0 435029.0 350866.0 515252.0 83544.0 949531.0 648237.0 632043.0 614010.0 781057.0 522483.0 743076.0 619054.0 651864.0 502429.0 905688.0 577194.0 146172.0 563102.0 550676.0 754656.0 236658.0 63190.0 369966.0 
675020.0 215018.0 193005.0 172946.0 394077.0 762083.0 729042.0 635258.0 432061.0 226541.0 264720.0 181820.0 12479.0 30346.0 699082.0 753725.0 178212.0 590382.0 950291.0 165379.0 780810.0 204326.0 580908.0 201065.0 136946.0 658965.0 384603.0 681835.0 319724.0 853400.0 426788.0 400673.0 
459425.0 330187.0 991335.0 148489.0 902781.0 789093.0 777621.0 29181.0 507639.0 912767.0 969424.0 630787.0 868606.0 54770.0 434847.0 391171.0 954369.0 891485.0 580235.0 872723.0 114139.0 566662.0 499545.0 966127.0 636058.0 404184.0 91683.0 289796.0 344235.0 670410.0 774229.0 850027.0 
117411.0 720288.0 355713.0 767923.0 630380.0 173067.0 138144.0 781591.0 615882.0 929708.0 947366.0 494286.0 948553.0 613687.0 995136.0 894722.0 591173.0 546930.0 675437.0 902360.0 884886.0 241883.0 915382.0 713326.0 595734.0 835753.0 544139.0 53923.0 638607.0 310699.0 391164.0 31823.0 
672838.0 547725.0 960849.0 214611.0 258718.0 948986.0 293702.0 786188.0 957931.0 428123.0 787110.0 641633.0 371156.0 531004.0 916930.0 940092.0 85156.0 566608.0 641294.0 606550.0 218349.0 908939.0 158361.0 96874.0 298649.0 420845.0 6760.0 97355.0 605198.0 172831.0 291054.0 750929.0 
454333.0 246197.0 501097.0 88111.0 159368.0 101204.0 108443.0 341920.0 494606.0 153325.0 419427.0 190848.0 654740.0 240359.0 739576.0 382583.0 859089.0 167323.0 835587.0 173136.0 954710.0 950137.0 554326.0 620456.0 495960.0 822856.0 397964.0 511041.0 917915.0 768714.0 247997.0 453558.0 
849597.0 777597.0 732638.0 458761.0 665501.0 462462.0 19892.0 309080.0 937766.0 563017.0 850163.0 464303.0 643644.0 388635.0 257207.0 269686.0 918529.0 760568.0 470942.0 845835.0 514628.0 706249.0 925568.0 291627.0 696774.0 676957.0 586060.0 529289.0 160363.0 28304.0 609536.0 603073.0 
172282.0 269769.0 864452.0 623718.0 28625.0 793244.0 253924.0 442743.0 417064.0 146961.0 451880.0 270577.0 682431.0 957180.0 905682.0 433790.0 639015.0 257483.0 835124.0 520651.0 255210.0 652062.0 468587.0 324471.0 552985.0 987472.0 500732.0 902439.0 778800.0 156437.0 304201.0 277878.0 
350567.0 358716.0 817903.0 979210.0 867416.0 554387.0 411775.0 736578.0 727431.0 821161.0 686936.0 999627.0 459475.0 544430.0 215198.0 498002.0 115064.0 720247.0 603673.0 525651.0 607231.0 332318.0 874796.0 821648.0 597635.0 921607.0 579567.0 600926.0 542688.0 456573.0 530924.0 798617.0 
