503948.0 206294.0 807472.0 452973.0 172818.0 965190.0 312663.0 631395.0 951909.0 664991.0 255749.0 600757.0 958367.0 665002.0 473577.0 55639.0 
605823.0 111559.0 406631.0 125849.0 992529.0 110562.0 425930.0 655606.0 843500.0 161237.0 211733.0 600056.0 686037.0 195226.0 294263.0 488010.0 
206081.0 205035.0 876444.0 140700.0 124664.0 122680.0 403424.0 184429.0 526869.0 828100.0 249886.0 326456.0 236650.0 421149.0 149671.0 775293.0 
935488.0 302326.0 189967.0 681130.0 454588.0 780194.0 931233.0 626534.0 789469.0 612847.0 239474.0 961531.0 831713.0 767197.0 111699.0 747229.0 
943303.0 225146.0 789536.0 828251.0 443568.0 11867.0 10933.0 288929.0 954655.0 789625.0 627072.0 446119.0 717215.0 173349.0 692082.0 84858.0 
785156.0 463401.0 559375.0 897701.0 200393.0 839485.0 715814.0 65532.0 29464.0 705955.0 8602.0 535684.0 824809.0 878624.0 991838.0 780546.0 
41794.0 9495.0 836031.0 901023.0 351324.0 910019.0 125211.0 951221.0 470566.0 512464.0 655087.0 736184.0 258467.0 247255.0 471822.0 143939.0 
144686.0 78964.0 862446.0 732350.0 209310.0 256262.0 60509.0 780074.0 283588.0 610627.0 964241.0 480457.0 288273.0 748405.0 632348.0 478893.0 
526421.0 178581.0 897022.0 388763.0 483490.0 548290.0 84564.0 522842.0 656399.0 260702.0 157615.0 736414.0 324696.0 267398.0 237440.0 67596.0 
921251.0 494188.0 863663.0 632490.0 183069.0 282194.0 450058.0 218789.0 870787.0 859172.0 551706.0 123069.0 878589.0 52083.0 368210.0 368401.0 
100708.0 513802.0 339361.0 243266.0 443684.0 295791.0 102247.0 684167.0 49405.0 422519.0 980931.0 402125.0 885603.0 959430.0 460747.0 994697.0 
898886.0 920227.0 794581.0 429083.0 286636.0 192052.0 621298.0 650784.0 838713.0 175642.0 959035.0 254164.0 815057.0 400619.0 773059.0 57762.0 
554132.0 992264.0 141164.0 220043.0 584712.0 311195.0 140821.0 931310.0 163093.0 974512.0 447729.0 119417.0 559849.0 326124.0 661939.0 58861.0 
643452.0 290606.0 957413.0 867975.0 568557.0 319296.0 157016.0 457552.0 441739.0 203193.0 397430.0 394243.0 974961.0 489011.0 307059.0 328278.0 
567497.0 543909.0 376226.0 654823.0 438193.0 927004.0 79204.0 399364.0 308858.0 714779.0 383291.0 276183.0 64589.0 102475.0 684860.0 552876.0 
62120.0 30944.0 74787.0 874273.0 155462.0 802763.0 818240.0 181161.0 225309.0 485589.0 628752.0 846524.0 296449.0 937055.0 105959.0 549919.0 
