592132.0 837056.0 755748.0 80080.0 850262.0 630666.0 44125.0 499448.0 801526.0 948078.0 851785.0 794020.0 785657.0 226344.0 942112.0 881350.0 792440.0 21224.0 164720.0 70291.0 540920.0 136399.0 101580.0 186054.0 552619.0 745157.0 415011.0 185294.0 472656.0 177465.0 991150.0 362838.0 107445.0 291510.0 276803.0 671790.0 136989.0 504799.0 243783.0 269787.0 838268.0 68615.0 939585.0 641720.0 658719.0 636719.0 750665.0 116934.0 833832.0 113309.0 114719.0 337112.0 50743.0 798421.0 78487.0 483028.0 8165.0 896439.0 558258.0 88550.0 229930.0 33908.0 23945.0 477639.0 
489310.0 758318.0 918563.0 466661.0 708124.0 584172.0 403941.0 413296.0 876547.0 425015.0 282665.0 120129.0 292054.0 390995.0 86439.0 61414.0 439555.0 265501.0 750159.0 805070.0 219841.0 240126.0 49785.0 313166.0 745554.0 364169.0 335860.0 230862.0 777704.0 932599.0 29691.0 31123.0 334564.0 173436.0 616518.0 65385.0 931065.0 288965.0 960828.0 710060.0 834415.0 818065.0 498181.0 288371.0 831876.0 369321.0 343678.0 393178.0 830381.0 999805.0 485510.0 800299.0 383354.0 18653.0 467381.0 149224.0 411415.0 101201.0 281901.0 379896.0 585198.0 651541.0 691528.0 198252.0 
648746.0 27252.0 19569.0 894188.0 471959.0 514943.0 491342.0 503042.0 182053.0 251818.0 90907.0 713795.0 860556.0 848388.0 68178.0 347157.0 610697.0 851538.0 946118.0 600482.0 41286.0 173574.0 347728.0 692888.0 4887.0 399201.0 177440.0 449049.0 524001.0 749858.0 333109.0 32326.0 824021.0 698729.0 599655.0 560099.0 672410.0 623981.0 18209.0 227431.0 485001.0 325463.0 620973.0 7267.0 793233.0 209977.0 534184.0 454540.0 631355.0 363246.0 975892.0 147175.0 73.0 808782.0 3852.0 112720.0 167223.0 447182.0 203218.0 834726.0 767075.0 243763.0 74692.0 358230.0 
175240.0 541105.0 476590.0 999491.0 603942.0 860004.0 702457.0 148943.0 842878.0 554026.0 793344.0 590665.0 681977.0 539611.0 562307.0 864947.0 732520.0 184742.0 329204.0 683950.0 906214.0 388937.0 773999.0 9156.0 368602.0 787884.0 146631.0 856722.0 802713.0 886939.0 584827.0 504592.0 775976.0 755294.0 830728.0 332159.0 705567.0 56055.0 207192.0 20206.0 677993.0 654072.0 668696.0 569192.0 907687.0 406206.0 58663.0 600445.0 10228.0 249998.0 592618.0 676651.0 357827.0 714314.0 717628.0 521322.0 635877.0 995599.0 823043.0 690705.0 272552.0 692142.0 522270.0 34920.0 
885401.0 112966.0 449082.0 188555.0 680873.0 734075.0 899652.0 76919.0 484845.0 790933.0 312377.0 901300.0 83327.0 564535.0 827737.0 457439.0 322690.0 256377.0 790841.0 273939.0 924611.0 159269.0 726264.0 742644.0 693884.0 251851.0 584073.0 567319.0 342770.0 442753.0 991727.0 735889.0 27966.0 820155.0 663048.0 833755.0 265640.0 77571.0 469824.0 370335.0 733294.0 307284.0 15718.0 673441.0 877605.0 936793.0 139163.0 356749.0 58679.0 573565.0 287911.0 533593.0 392906.0 268974.0 52645.0 343702.0 229442.0 306036.0 589279.0 201753.0 448412.0 256232.0 271604.0 768128.0 
827451.0 746898.0 164854.0 124323.0 549312.0 780643.0 772880.0 955865.0 896146.0 864203.0 602596.0 639716.0 82685.0 804408.0 986483.0 825210.0 211062.0 69293.0 758134.0 574640.0 239293.0 874490.0 287433.0 340357.0 954459.0 654045.0 583047.0 686153.0 119947.0 843189.0 6513.0 426985.0 461109.0 411871.0 699271.0 229207.0 938069.0 769904.0 408313.0 967066.0 532282.0 63565.0 112119.0 866351.0 635051.0 926121.0 165221.0 376411.0 359588.0 815708.0 550378.0 77006.0 394686.0 631517.0 270568.0 748981.0 275372.0 650908.0 983942.0 63453.0 84833.0 883774.0 155432.0 582143.0 
704655.0 202230.0 437824.0 954604.0 769867.0 671933.0 333566.0 414934.0 526925.0 581037.0 213731.0 190136.0 233235.0 899008.0 559283.0 88355.0 664484.0 614432.0 638473.0 190631.0 753330.0 208298.0 482884.0 288858.0 441561.0 390468.0 995615.0 364040.0 388.0 714135.0 920991.0 825335.0 342638.0 864811.0 424485.0 545429.0 120134.0 866206.0 18147.0 552448.0 936492.0 165953.0 965739.0 748978.0 588569.0 282255.0 697635.0 112967.0 547291.0 147531.0 350485.0 341165.0 4989.0 799093.0 757923.0 422631.0 103877.0 486376.0 997464.0 323837.0 461654.0 581139.0 499801.0 715140.0 
38838.0 879698.0 638458.0 508998.0 546858.0 669096.0 115885.0 349965.0 343422.0 119067.0 240853.0 293713.0 272801.0 676460.0 519288.0 219003.0 768044.0 652850.0 298579.0 863381.0 662979.0 254098.0 55752.0 91089.0 901204.0 620125.0 407795.0 983475.0 156925.0 625414.0 781210.0 246235.0 22986.0 908926.0 546690.0 915315.0 320668.0 136046.0 873886.0 535857.0 528165.0 833425.0 593251.0 153801.0 904399.0 336747.0 957623.0 979379.0 673340.0 905129.0 22343.0 47508.0 382696.0 18582.0 622392.0 687884.0 71595.0 408632.0 473909.0 616027.0 749211.0 465349.0 703591.0 899376.0 
368335.0 709317.0 953347.0 268624.0 881726.0 380357.0 314364.0 264351.0 3973.0 649589.0 661850.0 402510.0 324167.0 937631.0 667619.0 828386.0 873455.0 819588.0 349045.0 78685.0 508689.0 851989.0 564085.0 179531.0 927918.0 267787.0 887522.0 954090.0 905366.0 156579.0 787971.0 464887.0 471080.0 702202.0 208191.0 306513.0 847029.0 157312.0 800331.0 381324.0 352515.0 741276.0 694973.0 192341.0 913325.0 257244.0 88768.0 312381.0 541287.0 1559.0 500064.0 840292.0 493984.0 258146.0 839877.0 563459.0 456192.0 850283.0 843453.0 745429.0 181969.0 7157.0 296498.0 897827.0 
186042.0 327408.0 679227.0 370283.0 760869.0 546676.0 825101.0 800940.0 36738.0 511578.0 964050.0 871697.0 319141.0 46007.0 265362.0 792119.0 238475.0 761974.0 816142.0 610397.0 933498.0 48273.0 799852.0 504039.0 811142.0 93868.0 570828.0 91599.0 862639.0 931726.0 921080.0 463016.0 196904.0 217660.0 198714.0 186512.0 362995.0 540788.0 702024.0 447538.0 916455.0 790659.0 298715.0 108277.0 584660.0 363715.0 838942.0 724101.0 297917.0 13493.0 392321.0 589372.0 953347.0 844023.0 527212.0 143148.0 770915.0 327522.0 144017.0 213260.0 266582.0 694082.0 744026.0 428092.0 
395543.0 124530.0 740738.0 801654.0 632641.0 58068.0 510720.0 824723.0 790230.0 223915.0 707165.0 22647.0 875292.0 486613.0 798118.0 393563.0 184417.0 501672.0 168190.0 386037.0 377760.0 647911.0 209675.0 219526.0 252540.0 471712.0 282448.0 834944.0 41257.0 492518.0 630747.0 562769.0 626730.0 533991.0 457685.0 411472.0 801204.0 345769.0 910839.0 666051.0 639986.0 330789.0 790876.0 583243.0 838434.0 380992.0 596785.0 324588.0 993501.0 465826.0 993224.0 334973.0 121075.0 255669.0 347404.0 879016.0 302900.0 361980.0 44623.0 94623.0 795468.0 113421.0 927167.0 88028.0 
958278.0 713389.0 628152.0 663634.0 722545.0 95558.0 114227.0 729269.0 836512.0 819463.0 506203.0 658723.0 978186.0 230424.0 833472.0 109166.0 477394.0 216697.0 212837.0 223303.0 775586.0 350454.0 55667.0 630088.0 437872.0 584841.0 896529.0 654493.0 814691.0 944012.0 654603.0 13264.0 734798.0 382617.0 381999.0 633136.0 662874.0 111872.0 920823.0 90398.0 145795.0 153956.0 687648.0 848116.0 663097.0 13170.0 848153.0 847954.0 12966.0 627455.0 131415.0 332294.0 169743.0 889917.0 105925.0 735511.0 202260.0 986074.0 674265.0 205743.0 665873.0 873462.0 460290.0 439714.0 
124199.0 751294.0 755069.0 623711.0 866517.0 693098.0 265799.0 195826.0 630847.0 631823.0 787181.0 353843.0 632657.0 551457.0 429247.0 42703.0 260349.0 927049.0 479715.0 470192.0 893280.0 175135.0 577989.0 520396.0 947074.0 593221.0 84588.0 658183.0 204604.0 183967.0 483624.0 735494.0 94964.0 761906.0 684584.0 27601.0 221124.0 532824.0 379496.0 348836.0 387065.0 975901.0 989703.0 246995.0 169527.0 323514.0 438070.0 649431.0 312570.0 505003.0 373708.0 803513.0 439863.0 728751.0 799671.0 730841.0 343969.0 406684.0 354382.0 305627.0 151623.0 879260.0 559809.0 644207.0 
820762.0 149896.0 170674.0 822012.0 567949.0 784863.0 7644.0 372393.0 173077.0 338531.0 511857.0 161032.0 286864.0 583952.0 929027.0 1502.0 757890.0 534906.0 761432.0 581459.0 251258.0 273218.0 381152.0 841651.0 149715.0 474228.0 32514.0 225182.0 555350.0 323200.0 437330.0 232466.0 385021.0 742419.0 993056.0 345939.0 78866.0 197394.0 113578.0 418933.0 777014.0 238067.0 760625.0 573958.0 515966.0 181495.0 801704.0 991578.0 76536.0 27592.0 681417.0 207859.0 797259.0 747179.0 504131.0 316557.0 126076.0 252321.0 104142.0 521476.0 627533.0 995680.0 136606.0 901795.0 
109056.0 606761.0 561141.0 262730.0 958329.0 992646.0 738835.0 792891.0 958145.0 38690.0 707977.0 224577.0 741735.0 913988.0 981420.0 58045.0 786625.0 735721.0 238052.0 337038.0 269712.0 127614.0 854756.0 399260.0 856897.0 963447.0 930356.0 321154.0 693840.0 9551.0 387881.0 141334.0 631111.0 790236.0 319287.0 417493.0 48549.0 103118.0 862109.0 887536.0 509465.0 264388.0 92606.0 895213.0 187501.0 868170.0 451792.0 364924.0 310016.0 586163.0 323117.0 186391.0 148780.0 420944.0 713223.0 726164.0 73414.0 560394.0 212857.0 743114.0 452163.0 646753.0 824760.0 312222.0 
445431.0 589633.0 769128.0 331177.0 275961.0 865918.0 867531.0 298055.0 379299.0 554349.0 386772.0 714047.0 349558.0 427550.0 561050.0 982474.0 816282.0 800249.0 407080.0 774786.0 899650.0 74356.0 850673.0 698856.0 425838.0 751918.0 849376.0 971858.0 764106.0 269931.0 609806.0 270895.0 937524.0 830381.0 530701.0 7736.0 33627.0 8235.0 11297.0 918133.0 462915.0 354416.0 524814.0 725801.0 146468.0 715987.0 951437.0 548700.0 172146.0 607247.0 789144.0 122947.0 574200.0 876222.0 451941.0 998413.0 344926.0 668087.0 36143.0 371980.0 401353.0 187840.0 881199.0 991359.0 
232289.0 126194.0 602410.0 959736.0 953966.0 992808.0 530340.0 245486.0 936796.0 249955.0 913138.0 661921.0 83485.0 127614.0 860461.0 62374.0 287277.0 743816.0 302594.0 216142.0 59441.0 825795.0 329255.0 859447.0 219001.0 521592.0 555432.0 705774.0 128996.0 510709.0 147807.0 477311.0 21987.0 795621.0 45314.0 547036.0 617430.0 785354.0 683926.0 736294.0 779282.0 649241.0 267266.0 913690.0 435524.0 521393.0 176062.0 91547.0 278127.0 866810.0 478890.0 412504.0 681873.0 41047.0 325307.0 616793.0 693667.0 457799.0 662992.0 908332.0 939968.0 246813.0 956259.0 738662.0 
337885.0 562842.0 480731.0 468504.0 422582.0 432932.0 535422.0 205072.0 833866.0 42853.0 632259.0 672136.0 92412.0 724035.0 536581.0 695344.0 831899.0 399223.0 232468.0 777171.0 974971.0 668492.0 778342.0 848424.0 868738.0 917110.0 160555.0 383992.0 528319.0 68877.0 22782.0 476134.0 654580.0 46180.0 463095.0 664928.0 686452.0 547914.0 117917.0 953313.0 477095.0 31837.0 811961.0 205472.0 455403.0 893765.0 511685.0 179480.0 904917.0 707732.0 873476.0 149493.0 867989.0 183992.0 405547.0 405464.0 617847.0 604315.0 100925.0 442055.0 848198.0 838040.0 702452.0 928372.0 
519755.0 547225.0 600731.0 342248.0 389939.0 119249.0 790969.0 361804.0 476302.0 29971.0 432551.0 499540.0 930548.0 159758.0 729987.0 16009.0 300994.0 262437.0 288381.0 783217.0 423426.0 277295.0 84942.0 5724.0 92713.0 486600.0 645449.0 802894.0 624249.0 85074.0 308746.0 394436.0 263.0 529548.0 133642.0 275173.0 859159.0 196620.0 530261.0 211718.0 837475.0 734812.0 447634.0 388634.0 407931.0 991599.0 924097.0 342069.0 420678.0 128191.0 899460.0 687035.0 28518.0 225668.0 571924.0 230697.0 611706.0 496658.0 652180.0 563455.0 202429.0 478096.0 352258.0 369737.0 
137291.0 528848.0 291914.0 427337.0 386180.0 16.0 473781.0 953027.0 842953.0 723788.0 728574.0 49317.0 435875.0 40638.0 151301.0 295824.0 857796.0 856372.0 243101.0 21767.0 749861.0 171403.0 245120.0 537011.0 151310.0 715405.0 252898.0 363984.0 515764.0 665765.0 597026.0 873720.0 766908.0 40123.0 13021.0 302794.0 236638.0 287728.0 786461.0 767095.0 693733.0 884471.0 612719.0 17321.0 381010.0 547854.0 833555.0 127631.0 297696.0 806360.0 392396.0 648841.0 494883.0 535577.0 623382.0 736749.0 123786.0 194381.0 291639.0 530484.0 808771.0 74277.0 68718.0 456389.0 
800637.0 97887.0 439752.0 483227.0 433225.0 698817.0 781330.0 511189.0 178074.0 388145.0 667689.0 632858.0 701547.0 838068.0 907693.0 664742.0 713728.0 351105.0 416788.0 833526.0 885508.0 237569.0 493850.0 394124.0 888529.0 774118.0 235734.0 385695.0 509519.0 79845.0 331368.0 880227.0 806003.0 637201.0 391503.0 543664.0 638633.0 386710.0 489943.0 424466.0 624588.0 13902.0 668271.0 878188.0 853586.0 347971.0 442137.0 485833.0 832709.0 446978.0 784122.0 132161.0 971372.0 567192.0 327505.0 338180.0 967880.0 189356.0 882949.0 954054.0 409402.0 716728.0 232342.0 833799.0 
276034.0 613157.0 67126.0 55805.0 650850.0 980099.0 842161.0 428449.0 169057.0 114146.0 952903.0 741715.0 630763.0 609680.0 749338.0 900011.0 898645.0 120431.0 767042.0 688861.0 655231.0 477041.0 240382.0 444680.0 512979.0 424947.0 90182.0 965979.0 827049.0 178995.0 981244.0 33316.0 2509.0 31984.0 106688.0 100663.0 96024.0 129309.0 876962.0 861943.0 501946.0 799809.0 476402.0 941636.0 202330.0 546094.0 964724.0 217409.0 287188.0 933403.0 210032.0 494208.0 859809.0 331232.0 307685.0 115789.0 539477.0 38478.0 265566.0 739796.0 308865.0 374185.0 82588.0 257776.0 
40056.0 380868.0 499250.0 254352.0 733679.0 52919.0 78960.0 39368.0 347902.0 832382.0 758647.0 627058.0 231747.0 460145.0 670444.0 373311.0 836581.0 169307.0 431624.0 471646.0 504950.0 237882.0 423563.0 61638.0 315186.0 282643.0 496592.0 683108.0 150180.0 787055.0 184188.0 706652.0 101032.0 394549.0 431312.0 534142.0 345035.0 349733.0 680542.0 759879.0 393230.0 768367.0 947737.0 53137.0 432074.0 917614.0 534661.0 163992.0 996653.0 63172.0 454541.0 878697.0 291618.0 772562.0 899315.0 132521.0 550287.0 449044.0 729058.0 966143.0 453048.0 395224.0 230239.0 938335.0 
345025.0 991705.0 785054.0 464820.0 397200.0 811004.0 573361.0 443689.0 10769.0 196070.0 295451.0 684629.0 881747.0 938296.0 897539.0 515969.0 308752.0 366824.0 240196.0 313878.0 99978.0 769149.0 254433.0 132840.0 255824.0 175271.0 778262.0 69273.0 619104.0 927608.0 628233.0 33003.0 951974.0 482691.0 642655.0 39910.0 126947.0 432591.0 283564.0 931746.0 883689.0 355640.0 361666.0 691698.0 809858.0 368163.0 307370.0 785197.0 154672.0 892828.0 898289.0 711386.0 776080.0 534350.0 197017.0 554871.0 921112.0 71518.0 325617.0 633318.0 731903.0 43940.0 73407.0 303541.0 
449660.0 692358.0 22169.0 319560.0 531174.0 460083.0 72723.0 265445.0 943034.0 786041.0 500242.0 423196.0 429243.0 305156.0 232319.0 606033.0 320180.0 229940.0 900760.0 686760.0 696153.0 645977.0 280672.0 359691.0 875788.0 114254.0 649399.0 118619.0 570555.0 471535.0 452420.0 845360.0 497766.0 608952.0 70414.0 341519.0 776958.0 633851.0 357226.0 711463.0 204201.0 322558.0 622927.0 370312.0 468002.0 960687.0 591493.0 221089.0 245758.0 666244.0 140028.0 903028.0 6921.0 593139.0 718073.0 677912.0 807247.0 392139.0 569835.0 766890.0 800246.0 128558.0 19036.0 19794.0 
589832.0 78891.0 520131.0 701485.0 387471.0 950716.0 64054.0 250268.0 982553.0 219353.0 793788.0 9576.0 650716.0 221942.0 879872.0 426256.0 804530.0 800160.0 187810.0 460786.0 127173.0 581936.0 420072.0 492178.0 691654.0 782505.0 383058.0 502665.0 859478.0 557364.0 420107.0 358156.0 728136.0 543989.0 440635.0 126424.0 912894.0 174601.0 690554.0 277047.0 328111.0 40798.0 454494.0 619890.0 812683.0 682608.0 177973.0 545684.0 571189.0 64796.0 201998.0 668502.0 670639.0 215778.0 707826.0 337580.0 749524.0 783868.0 623856.0 908587.0 638654.0 344341.0 189782.0 915733.0 
369287.0 693736.0 932604.0 939267.0 508013.0 314742.0 137082.0 799021.0 68303.0 710563.0 610937.0 495257.0 611028.0 210862.0 918887.0 825694.0 199851.0 718155.0 66820.0 189588.0 884844.0 177695.0 701402.0 918427.0 847582.0 409816.0 817289.0 852868.0 273618.0 980646.0 995904.0 399263.0 506284.0 290841.0 698120.0 647394.0 765889.0 336536.0 570682.0 845170.0 873564.0 264059.0 748817.0 713297.0 254363.0 665670.0 278426.0 87589.0 325623.0 713987.0 377288.0 20641.0 93025.0 401723.0 930468.0 710226.0 892487.0 624464.0 124513.0 27080.0 148789.0 193082.0 387341.0 391519.0 
472217.0 911836.0 195108.0 4265.0 621727.0 421698.0 734591.0 339641.0 61819.0 889466.0 867178.0 201359.0 378373.0 52236.0 420755.0 152219.0 960637.0 907670.0 977053.0 428208.0 750128.0 377097.0 588756.0 125190.0 187188.0 937402.0 297595.0 234219.0 113357.0 486950.0 293506.0 833032.0 782322.0 730117.0 543124.0 998604.0 512809.0 846601.0 485004.0 220279.0 876751.0 90355.0 84295.0 358405.0 907252.0 309394.0 981588.0 523445.0 511907.0 240858.0 275144.0 233076.0 272959.0 98141.0 945199.0 950379.0 909960.0 89256.0 659357.0 136162.0 456125.0 969725.0 508450.0 535503.0 
312156.0 312168.0 300955.0 545663.0 928773.0 57088.0 773669.0 53536.0 988604.0 71484.0 714349.0 556265.0 642829.0 601583.0 243363.0 974182.0 842698.0 777505.0 763277.0 405923.0 262384.0 990348.0 529656.0 545588.0 778088.0 667824.0 392201.0 587872.0 929897.0 772243.0 959857.0 501416.0 579514.0 554329.0 93695.0 393463.0 446869.0 681595.0 177871.0 247335.0 501480.0 409703.0 883744.0 131245.0 676021.0 693684.0 97028.0 776867.0 759512.0 136896.0 344752.0 657649.0 270761.0 318633.0 991667.0 699415.0 514103.0 43748.0 851972.0 45464.0 698037.0 587197.0 348147.0 275334.0 
68145.0 887467.0 46210.0 829223.0 608511.0 387919.0 654221.0 989249.0 150452.0 817225.0 749028.0 804167.0 689486.0 346807.0 761209.0 836512.0 673393.0 810763.0 216756.0 406480.0 543180.0 506376.0 955813.0 277765.0 111130.0 655001.0 609041.0 561024.0 748805.0 550414.0 799405.0 519646.0 498597.0 785716.0 66089.0 698883.0 84581.0 161935.0 61859.0 586402.0 554246.0 739062.0 574588.0 9002.0 49918.0 378700.0 255304.0 500880.0 850360.0 910102.0 146015.0 445429.0 434751.0 649214.0 458896.0 46901.0 639157.0 578211.0 547125.0 785868.0 682813.0 141339.0 175842.0 752804.0 
460985.0 59462.0 580151.0 997887.0 427309.0 815504.0 622037.0 596093.0 108674.0 10114.0 59117.0 649931.0 726119.0 32518.0 531828.0 273256.0 443730.0 345141.0 232435.0 280853.0 540068.0 227038.0 89402.0 190809.0 948523.0 546902.0 852853.0 142318.0 131777.0 393591.0 949142.0 795659.0 994897.0 870647.0 826098.0 454927.0 12794.0 47141.0 565352.0 423559.0 935628.0 895489.0 38203.0 479580.0 29423.0 206457.0 526209.0 718684.0 409890.0 271484.0 713269.0 556899.0 662241.0 625213.0 225127.0 199333.0 77856.0 125766.0 252371.0 454875.0 354165.0 608374.0 313102.0 216776.0 
112978.0 630425.0 375708.0 686951.0 537391.0 182818.0 100895.0 579635.0 505542.0 674119.0 723114.0 611346.0 663544.0 959033.0 735028.0 207391.0 205965.0 34815.0 640808.0 602003.0 43161.0 370350.0 685657.0 319823.0 297594.0 397255.0 400339.0 266248.0 625661.0 959725.0 761037.0 682063.0 108128.0 971969.0 147770.0 216316.0 253810.0 436828.0 801982.0 20023.0 380823.0 56552.0 544638.0 300066.0 178536.0 777115.0 293456.0 949798.0 207415.0 28946.0 502482.0 224793.0 302511.0 528134.0 737750.0 797769.0 537818.0 320557.0 450555.0 31016.0 708413.0 118959.0 484247.0 688915.0 
582366.0 703747.0 38096.0 673664.0 728358.0 401830.0 182986.0 111748.0 887457.0 727800.0 500410.0 922175.0 636065.0 766771.0 548441.0 770597.0 521987.0 372552.0 8821.0 886761.0 187081.0 11928.0 162721.0 811784.0 418982.0 119243.0 648141.0 190383.0 598745.0 123793.0 653488.0 753737.0 481329.0 354291.0 621025.0 797545.0 919662.0 26261.0 143686.0 164881.0 201928.0 175306.0 460131.0 27997.0 227849.0 476052.0 98388.0 723471.0 974549.0 531959.0 45846.0 320568.0 610570.0 438968.0 578623.0 262975.0 536130.0 275895.0 815950.0 411985.0 821.0 881126.0 619613.0 16677.0 
432188.0 213797.0 500723.0 685162.0 582320.0 886332.0 251894.0 558736.0 235505.0 609268.0 621437.0 757040.0 556355.0 640594.0 910340.0 961241.0 586386.0 311665.0 893433.0 8760.0 823830.0 380987.0 987955.0 62435.0 91281.0 39043.0 731714.0 808898.0 915253.0 430850.0 866401.0 168922.0 767076.0 352749.0 668552.0 290807.0 769999.0 298223.0 697374.0 982390.0 319359.0 266184.0 374604.0 809069.0 450418.0 241026.0 289197.0 897591.0 61853.0 307275.0 124449.0 977311.0 39121.0 260532.0 867585.0 854888.0 583096.0 700613.0 850348.0 905462.0 470014.0 777914.0 980672.0 411677.0 
71948.0 170079.0 92005.0 724485.0 401839.0 888387.0 796611.0 335094.0 948695.0 739356.0 285204.0 229126.0 926780.0 770615.0 571603.0 689628.0 383963.0 660761.0 253523.0 613088.0 152095.0 543608.0 131373.0 338561.0 393754.0 189455.0 596882.0 353378.0 480754.0 485410.0 923647.0 704994.0 551769.0 81870.0 662542.0 667398.0 124532.0 487691.0 70760.0 93830.0 131485.0 659906.0 67352.0 748337.0 523012.0 363781.0 573755.0 430269.0 933680.0 278127.0 648340.0 214383.0 852387.0 643418.0 569596.0 374051.0 949468.0 500790.0 808310.0 656249.0 220726.0 417676.0 672416.0 630044.0 
986542.0 994320.0 22150.0 751152.0 623234.0 287452.0 227281.0 406167.0 279860.0 437455.0 93149.0 455008.0 37998.0 232961.0 182120.0 210510.0 620031.0 382113.0 477989.0 950912.0 864643.0 538670.0 710129.0 754818.0 261857.0 23502.0 876893.0 448175.0 756591.0 662670.0 744425.0 377728.0 921904.0 597111.0 232466.0 504758.0 228157.0 580937.0 558147.0 682976.0 353281.0 965783.0 925415.0 537865.0 545693.0 933631.0 410654.0 440578.0 115693.0 592707.0 636429.0 818503.0 643554.0 684745.0 640080.0 315729.0 559310.0 121579.0 9675.0 362552.0 722751.0 604348.0 92062.0 867074.0 
901506.0 859288.0 675446.0 167244.0 551753.0 119591.0 914688.0 916435.0 962599.0 159214.0 419321.0 810527.0 169271.0 806865.0 19170.0 393806.0 587037.0 211881.0 121231.0 356089.0 584868.0 672126.0 634717.0 88773.0 364615.0 64353.0 673091.0 3976.0 14411.0 756073.0 363906.0 702549.0 97481.0 378248.0 541878.0 264294.0 839818.0 54729.0 746191.0 948837.0 176843.0 584808.0 200153.0 922583.0 259359.0 413581.0 434678.0 689253.0 496948.0 101543.0 354734.0 742921.0 272173.0 46881.0 8477.0 411281.0 466351.0 341700.0 637450.0 863187.0 984568.0 613225.0 601496.0 613998.0 
786473.0 414873.0 806166.0 305208.0 451300.0 559363.0 747825.0 466697.0 389008.0 539737.0 487945.0 672035.0 914425.0 80903.0 881056.0 415293.0 902101.0 282064.0 574959.0 887018.0 206945.0 976519.0 27987.0 499563.0 532778.0 778984.0 722853.0 498638.0 559720.0 914001.0 171943.0 604672.0 870917.0 749088.0 952473.0 923766.0 372155.0 2794.0 957868.0 429300.0 335514.0 479188.0 552974.0 167865.0 807145.0 891154.0 942500.0 28423.0 404773.0 542266.0 489046.0 730322.0 574373.0 528836.0 112579.0 40453.0 70429.0 422496.0 726741.0 112043.0 761409.0 821300.0 750512.0 294464.0 
180481.0 319665.0 121732.0 623061.0 570483.0 288977.0 46018.0 418778.0 625615.0 503919.0 550828.0 995851.0 705747.0 462850.0 73668.0 252794.0 533703.0 933495.0 127270.0 126837.0 590555.0 828843.0 129522.0 150163.0 410732.0 937218.0 922081.0 259744.0 793637.0 545511.0 506361.0 938530.0 335106.0 102688.0 10011.0 898824.0 254896.0 231308.0 18298.0 130286.0 6225.0 329148.0 602790.0 783567.0 112027.0 363628.0 609030.0 493320.0 714080.0 627997.0 24997.0 421125.0 623848.0 345040.0 42147.0 998218.0 270266.0 127904.0 737163.0 637920.0 470714.0 855677.0 272837.0 510298.0 
969964.0 257921.0 736802.0 450371.0 490518.0 189296.0 211157.0 947237.0 653060.0 567825.0 706753.0 768632.0 881765.0 609507.0 431469.0 733158.0 797395.0 628670.0 376277.0 501687.0 675568.0 21064.0 489178.0 151518.0 561067.0 907088.0 685913.0 421855.0 178274.0 547914.0 568088.0 74331.0 227682.0 62887.0 850205.0 900858.0 783625.0 127184.0 505945.0 140275.0 99085.0 142400.0 828034.0 700731.0 510869.0 214332.0 845758.0 42887.0 180421.0 39343.0 711611.0 750912.0 85783.0 987622.0 298715.0 648899.0 3493.0 98980.0 283597.0 162705.0 658371.0 900323.0 469431.0 707226.0 
4936.0 180264.0 465551.0 957985.0 893102.0 967169.0 479753.0 151307.0 738319.0 560030.0 820714.0 845002.0 403919.0 178378.0 725756.0 639457.0 771481.0 506564.0 514650.0 822739.0 434945.0 701566.0 547883.0 377580.0 374665.0 592177.0 278443.0 336427.0 7615.0 888923.0 821669.0 708362.0 302788.0 484054.0 926461.0 665772.0 257703.0 429974.0 260265.0 533986.0 966959.0 152767.0 208768.0 253786.0 292088.0 239713.0 546347.0 909669.0 807476.0 770961.0 264952.0 316900.0 285075.0 214309.0 295501.0 467534.0 592189.0 197451.0 934073.0 319391.0 721404.0 553606.0 979046.0 809632.0 
651511.0 29767.0 599339.0 96784.0 617433.0 588260.0 800638.0 299372.0 416209.0 311991.0 601479.0 172448.0 731570.0 450262.0 878415.0 532490.0 903738.0 971882.0 1431.0 378983.0 182191.0 703854.0 638405.0 733020.0 433445.0 50566.0 464313.0 499811.0 663773.0 608761.0 168574.0 224080.0 417160.0 321741.0 706653.0 586367.0 603561.0 940094.0 374731.0 179676.0 371480.0 622426.0 484994.0 131791.0 620578.0 965564.0 899373.0 598594.0 921934.0 898083.0 377276.0 66256.0 883834.0 717934.0 244568.0 935819.0 57444.0 105718.0 747760.0 44778.0 534278.0 40392.0 936050.0 177166.0 
568152.0 338941.0 359062.0 923695.0 718969.0 162552.0 845204.0 682727.0 603432.0 572156.0 746294.0 338075.0 796844.0 339111.0 13895.0 246978.0 168916.0 122511.0 104747.0 770131.0 331481.0 713464.0 307976.0 710095.0 194975.0 723055.0 998498.0 90536.0 646042.0 176838.0 958725.0 276941.0 290894.0 890603.0 77275.0 633875.0 705390.0 483495.0 446301.0 482753.0 32550.0 31409.0 24230.0 102456.0 300852.0 350508.0 293988.0 495037.0 766449.0 599492.0 858727.0 338981.0 11566.0 339808.0 980316.0 308956.0 690361.0 830468.0 265619.0 555665.0 429759.0 680583.0 515515.0 883202.0 
549067.0 148587.0 963696.0 184159.0 784621.0 635358.0 626923.0 150941.0 321910.0 438156.0 276632.0 568026.0 621471.0 370911.0 545605.0 291368.0 515401.0 15188.0 799094.0 708537.0 414239.0 338491.0 93589.0 881829.0 97047.0 179467.0 19718.0 606426.0 536280.0 784735.0 585497.0 282848.0 655478.0 542289.0 880153.0 732167.0 802968.0 394418.0 375681.0 353136.0 270779.0 654371.0 756238.0 639798.0 992847.0 844051.0 325424.0 540023.0 865407.0 698581.0 355610.0 814402.0 880718.0 931996.0 104825.0 286111.0 173853.0 175318.0 855617.0 999733.0 697865.0 843043.0 218402.0 413276.0 
591345.0 830257.0 373529.0 896320.0 733333.0 865590.0 737060.0 223790.0 38297.0 78152.0 490126.0 532414.0 451689.0 304540.0 486056.0 667613.0 764536.0 834777.0 115288.0 561206.0 130145.0 83736.0 553739.0 717053.0 984110.0 735867.0 896518.0 241816.0 286134.0 346599.0 722714.0 842922.0 887200.0 116127.0 542070.0 486524.0 113222.0 221886.0 809558.0 207050.0 815158.0 459217.0 429593.0 37160.0 200530.0 864591.0 606001.0 194575.0 810647.0 42613.0 135796.0 361289.0 109626.0 926978.0 487759.0 519092.0 346414.0 920844.0 379801.0 75446.0 661379.0 770430.0 289285.0 816189.0 
898408.0 328687.0 551474.0 773425.0 356753.0 673055.0 287773.0 753977.0 743603.0 839440.0 5430.0 570215.0 764076.0 401535.0 660624.0 980097.0 700992.0 450813.0 746865.0 442605.0 589183.0 581295.0 269193.0 299064.0 920962.0 877278.0 813440.0 233795.0 473299.0 566652.0 14312.0 39178.0 413356.0 358836.0 255186.0 783314.0 904472.0 470636.0 649980.0 774319.0 285431.0 909338.0 706472.0 227631.0 164125.0 632000.0 381639.0 791335.0 918105.0 622085.0 228692.0 660759.0 498130.0 909042.0 767998.0 57340.0 549389.0 588101.0 863101.0 588275.0 465676.0 242229.0 743366.0 562501.0 
787089.0 627972.0 948121.0 787.0 861633.0 593146.0 824248.0 493471.0 387363.0 260675.0 357874.0 752372.0 593223.0 886887.0 890333.0 611700.0 812035.0 812257.0 109153.0 47548.0 71769.0 888287.0 165617.0 915189.0 426421.0 584022.0 842581.0 530298.0 781521.0 779518.0 765731.0 470305.0 473019.0 182449.0 28365.0 227880.0 925231.0 533084.0 401939.0 227518.0 578078.0 185823.0 161049.0 24427.0 237712.0 354759.0 633747.0 306140.0 304421.0 273573.0 305308.0 379983.0 706807.0 376715.0 13607.0 82071.0 296091.0 844130.0 385868.0 263373.0 26887.0 592363.0 944260.0 953811.0 
916557.0 317584.0 53936.0 850950.0 250437.0 149606.0 42323.0 850879.0 829897.0 922306.0 15073.0 364870.0 730330.0 862517.0 914735.0 509141.0 152417.0 762213.0 785609.0 936772.0 627087.0 942921.0 321570.0 66325.0 577893.0 627072.0 271590.0 812766.0 547728.0 694159.0 244588.0 870927.0 912236.0 276789.0 27655.0 67807.0 703913.0 688429.0 261052.0 796504.0 770379.0 731520.0 148813.0 395707.0 974219.0 804356.0 953908.0 386065.0 703643.0 639029.0 658155.0 987855.0 290759.0 572333.0 997992.0 93093.0 164663.0 7299.0 429095.0 461859.0 400017.0 146750.0 987295.0 723080.0 
904507.0 865781.0 142486.0 300585.0 991102.0 416452.0 442448.0 232315.0 952902.0 684268.0 34531.0 746365.0 374469.0 542600.0 800166.0 35460.0 243704.0 690856.0 779656.0 660708.0 509634.0 571340.0 418492.0 249272.0 888756.0 21759.0 998802.0 422415.0 500206.0 492365.0 662945.0 954611.0 137567.0 658274.0 304033.0 856279.0 719463.0 841856.0 268373.0 221148.0 182814.0 116956.0 63141.0 832320.0 212142.0 826006.0 903945.0 379172.0 351067.0 995988.0 306786.0 703224.0 506211.0 149818.0 667107.0 384773.0 790785.0 743687.0 672300.0 866134.0 50699.0 48143.0 953719.0 734788.0 
330619.0 763920.0 15403.0 871133.0 237578.0 548916.0 338190.0 638704.0 418936.0 343651.0 919192.0 931320.0 589353.0 908865.0 120802.0 660707.0 779113.0 542923.0 219197.0 205117.0 3024.0 299977.0 872287.0 191742.0 154753.0 614001.0 570361.0 739180.0 498508.0 281816.0 285220.0 644142.0 136755.0 507861.0 39225.0 19055.0 991946.0 683700.0 721663.0 493227.0 959544.0 973396.0 946431.0 848089.0 451418.0 73118.0 665140.0 751541.0 25414.0 958690.0 719519.0 568745.0 733292.0 33488.0 26615.0 523735.0 633177.0 765199.0 949756.0 421638.0 481493.0 886461.0 584876.0 294374.0 
643629.0 188868.0 552847.0 954817.0 208715.0 54485.0 219309.0 101313.0 7489.0 581508.0 16864.0 360280.0 631012.0 753152.0 657796.0 425423.0 199253.0 310573.0 833930.0 987503.0 663771.0 38816.0 574188.0 474630.0 753068.0 373942.0 284475.0 235350.0 595211.0 550865.0 570516.0 787168.0 723146.0 945329.0 466225.0 455880.0 478641.0 235883.0 6619.0 83685.0 36151.0 535176.0 972157.0 736551.0 649261.0 292540.0 74708.0 662629.0 674490.0 148224.0 693507.0 140931.0 475393.0 442127.0 30787.0 599356.0 544607.0 300474.0 822904.0 214930.0 761808.0 814505.0 761886.0 622927.0 
357553.0 405487.0 200290.0 978870.0 666976.0 549320.0 502093.0 668043.0 83583.0 395058.0 568539.0 683068.0 728152.0 558181.0 289450.0 471275.0 655130.0 717295.0 983438.0 495513.0 854210.0 86512.0 116993.0 443440.0 550677.0 76848.0 35768.0 661741.0 935881.0 298008.0 538705.0 95592.0 265476.0 190804.0 758823.0 267521.0 373756.0 269250.0 717256.0 8105.0 363837.0 281879.0 379582.0 165898.0 403273.0 866255.0 49546.0 254932.0 297305.0 151822.0 785583.0 273125.0 491074.0 71384.0 146090.0 828820.0 860979.0 600234.0 892863.0 673627.0 863323.0 371059.0 921646.0 941150.0 
700583.0 589106.0 711749.0 407964.0 555497.0 352877.0 183311.0 64433.0 773780.0 237259.0 431402.0 210885.0 118948.0 216527.0 948534.0 246357.0 907482.0 518001.0 359977.0 992476.0 309861.0 653594.0 473984.0 121437.0 527004.0 403964.0 161360.0 843152.0 177128.0 228493.0 236347.0 570343.0 772223.0 48158.0 857469.0 517243.0 279051.0 10076.0 359782.0 214040.0 168041.0 869665.0 115874.0 226593.0 489100.0 289400.0 913588.0 971170.0 697090.0 836716.0 483201.0 129137.0 117007.0 728843.0 883785.0 647551.0 714165.0 568252.0 983856.0 284416.0 513493.0 887482.0 311034.0 587765.0 
134895.0 2540.0 927446.0 199314.0 669574.0 986147.0 299665.0 323665.0 111199.0 223535.0 352619.0 592147.0 573223.0 267678.0 254279.0 712238.0 998900.0 924754.0 660283.0 995735.0 832420.0 642110.0 868872.0 346541.0 973154.0 979709.0 994339.0 90016.0 579335.0 658319.0 844594.0 280700.0 232412.0 292016.0 518866.0 863190.0 343486.0 913687.0 149397.0 970065.0 881755.0 384456.0 61705.0 382605.0 236312.0 970134.0 563379.0 553070.0 654293.0 116665.0 344411.0 191684.0 592648.0 807303.0 817921.0 605148.0 379270.0 41235.0 230253.0 469410.0 174688.0 52639.0 693796.0 492465.0 
198314.0 109438.0 840631.0 63289.0 682711.0 926347.0 872629.0 320204.0 953344.0 143999.0 434176.0 391941.0 203779.0 326131.0 244221.0 905557.0 313224.0 34227.0 160997.0 174955.0 598943.0 845243.0 196537.0 909952.0 274629.0 83537.0 722.0 317436.0 133830.0 969022.0 239766.0 949128.0 539900.0 925674.0 916358.0 963569.0 77557.0 629139.0 423285.0 994933.0 662323.0 596842.0 931540.0 162734.0 389644.0 965834.0 988200.0 649432.0 937778.0 40342.0 492380.0 468801.0 190413.0 727085.0 212594.0 99532.0 361988.0 227021.0 616277.0 13281.0 704923.0 61313.0 281163.0 970741.0 
798647.0 493128.0 986246.0 627633.0 945468.0 945092.0 77017.0 625282.0 418007.0 215771.0 115784.0 993340.0 246743.0 478510.0 264376.0 636662.0 224180.0 648645.0 55928.0 211126.0 952434.0 216563.0 16629.0 434151.0 461657.0 623804.0 616901.0 979205.0 769852.0 72007.0 21483.0 608702.0 826284.0 431354.0 916269.0 718416.0 383858.0 244646.0 6692.0 131985.0 408040.0 724705.0 820963.0 193992.0 41140.0 759217.0 40386.0 768697.0 266978.0 915428.0 825862.0 216767.0 118429.0 298109.0 112814.0 422289.0 660874.0 739465.0 295901.0 627879.0 986369.0 147855.0 389599.0 248117.0 
195433.0 314981.0 439897.0 220630.0 604911.0 927647.0 266002.0 91972.0 451491.0 512355.0 49496.0 614724.0 166063.0 893848.0 619024.0 926303.0 675572.0 155133.0 726110.0 197258.0 72579.0 134038.0 616684.0 79847.0 362484.0 515776.0 149851.0 753956.0 512615.0 969574.0 510020.0 457345.0 228245.0 511884.0 889514.0 400496.0 853649.0 106569.0 208126.0 120149.0 944737.0 432913.0 416781.0 481133.0 596915.0 258736.0 987274.0 57162.0 929278.0 252435.0 417460.0 433276.0 5622.0 803585.0 621859.0 985356.0 418219.0 26791.0 846837.0 986402.0 570879.0 551696.0 867727.0 364934.0 
893698.0 905523.0 487954.0 903747.0 790188.0 804198.0 289948.0 626984.0 702518.0 7921.0 610424.0 902632.0 643733.0 642237.0 606051.0 47649.0 994516.0 178604.0 763900.0 254265.0 30029.0 116674.0 640391.0 246245.0 508419.0 287424.0 10269.0 270980.0 42847.0 326609.0 289076.0 164135.0 659269.0 722206.0 303303.0 197044.0 707411.0 696124.0 61346.0 80352.0 165110.0 135045.0 119244.0 45593.0 84584.0 394820.0 747792.0 509830.0 334538.0 867402.0 277610.0 348582.0 280281.0 778717.0 141387.0 390741.0 361808.0 370768.0 483337.0 387053.0 407515.0 26030.0 584934.0 831305.0 
497779.0 965968.0 846140.0 885669.0 527258.0 748878.0 364226.0 722977.0 671157.0 916690.0 702461.0 715364.0 67016.0 892101.0 899421.0 639731.0 193457.0 718706.0 73253.0 498800.0 584727.0 71396.0 91585.0 971238.0 997915.0 860076.0 579331.0 858373.0 831018.0 712603.0 144271.0 132894.0 343182.0 750948.0 581627.0 251670.0 372769.0 482352.0 188816.0 728198.0 60956.0 61823.0 473198.0 127859.0 154125.0 151350.0 804619.0 634789.0 827623.0 944393.0 315868.0 561894.0 966323.0 876357.0 12428.0 547225.0 54693.0 475834.0 46377.0 21556.0 441161.0 191428.0 840606.0 68891.0 
386012.0 937590.0 514907.0 224474.0 282167.0 49186.0 498577.0 793791.0 818790.0 811334.0 415449.0 772626.0 794520.0 82518.0 794804.0 671858.0 96686.0 232993.0 839725.0 589454.0 502646.0 923555.0 486043.0 336636.0 999153.0 984488.0 929603.0 467705.0 477712.0 135320.0 846938.0 342718.0 647358.0 856931.0 695143.0 266171.0 739671.0 390153.0 954183.0 923507.0 395382.0 453702.0 324170.0 613491.0 25643.0 306969.0 309307.0 237040.0 269132.0 890096.0 115710.0 961980.0 914978.0 941490.0 315217.0 211877.0 614212.0 460456.0 191732.0 759402.0 322242.0 473545.0 844389.0 158427.0 
447480.0 536672.0 783749.0 717772.0 24066.0 106588.0 732502.0 962229.0 446798.0 752500.0 192550.0 583209.0 862796.0 902005.0 942533.0 406385.0 943363.0 296873.0 735537.0 855941.0 410813.0 539622.0 438163.0 772390.0 781859.0 218288.0 61154.0 874075.0 321955.0 304780.0 356006.0 145797.0 757517.0 5666.0 32791.0 292129.0 798525.0 159501.0 25188.0 151386.0 567219.0 594691.0 56335.0 718345.0 746303.0 51292.0 30773.0 149834.0 665751.0 822273.0 279020.0 268220.0 27979.0 418994.0 716613.0 20436.0 537103.0 960819.0 783984.0 580702.0 234295.0 955796.0 523135.0 17682.0 
634690.0 191388.0 967043.0 801615.0 186253.0 129617.0 426834.0 181367.0 345064.0 281575.0 585642.0 491366.0 451718.0 16131.0 20912.0 519247.0 716558.0 661034.0 762705.0 526197.0 426318.0 891658.0 973962.0 98244.0 627151.0 775717.0 942018.0 675658.0 267139.0 107990.0 247188.0 400597.0 761691.0 941186.0 34667.0 824105.0 295413.0 944540.0 189383.0 241630.0 377011.0 761044.0 597212.0 643860.0 564647.0 332893.0 657177.0 782484.0 321898.0 437465.0 960774.0 319621.0 999564.0 156388.0 352326.0 213896.0 866661.0 911546.0 660156.0 754096.0 809226.0 308422.0 627914.0 96737.0 
603164.0 451272.0 615541.0 565444.0 935162.0 945697.0 372004.0 516004.0 399958.0 771902.0 810695.0 73384.0 484005.0 429407.0 884373.0 408877.0 255600.0 800451.0 438125.0 701759.0 598280.0 621554.0 272478.0 497781.0 63638.0 402214.0 314306.0 324134.0 109008.0 254359.0 479621.0 355723.0 150024.0 754082.0 449156.0 823731.0 650143.0 291605.0 791824.0 93917.0 897238.0 511257.0 9041.0 352245.0 760965.0 369405.0 150919.0 484398.0 481572.0 882331.0 455724.0 514232.0 23942.0 180521.0 229046.0 113183.0 643302.0 987294.0 579704.0 391168.0 323610.0 240318.0 209320.0 643176.0 
215460.0 646084.0 420155.0 51978.0 175016.0 119148.0 902828.0 457629.0 790071.0 632218.0 442908.0 103696.0 162569.0 15914.0 461076.0 494571.0 251466.0 585493.0 424614.0 944643.0 101387.0 985148.0 286705.0 781081.0 875289.0 397076.0 110530.0 934033.0 967147.0 731439.0 543896.0 98890.0 835124.0 706659.0 214400.0 104350.0 43929.0 786457.0 508319.0 254583.0 505149.0 313716.0 188238.0 689932.0 38327.0 355419.0 630751.0 53431.0 112037.0 798245.0 363006.0 958837.0 38746.0 720864.0 764467.0 75449.0 282482.0 900798.0 10884.0 884013.0 631047.0 615709.0 815416.0 328326.0 
