853740.0 798824.0 42169.0 945402.0 645658.0 979866.0 379968.0 775486.0 395053.0 653017.0 292766.0 431304.0 98968.0 620283.0 193828.0 396281.0 967880.0 149588.0 514997.0 790731.0 861161.0 160723.0 131809.0 703416.0 986242.0 313404.0 188947.0 132168.0 301756.0 244605.0 641184.0 564218.0 140736.0 644400.0 882111.0 386638.0 319933.0 738220.0 350296.0 76077.0 735881.0 112136.0 340853.0 916854.0 32287.0 890605.0 553877.0 864550.0 154503.0 640535.0 993759.0 569955.0 975251.0 345896.0 194100.0 875557.0 354181.0 691049.0 963933.0 881346.0 827086.0 613726.0 68516.0 671572.0 
602097.0 935748.0 14910.0 401736.0 575430.0 987497.0 859173.0 94342.0 106139.0 681192.0 523844.0 868152.0 862709.0 372928.0 614668.0 188666.0 813812.0 378961.0 787044.0 845404.0 998484.0 550834.0 568189.0 670486.0 930768.0 858865.0 823811.0 10953.0 115681.0 665000.0 70063.0 830318.0 160100.0 848056.0 377821.0 507353.0 614565.0 45867.0 433148.0 478215.0 87758.0 133393.0 159810.0 350078.0 843719.0 308109.0 195943.0 548084.0 590293.0 880455.0 549930.0 88401.0 835205.0 128705.0 408126.0 964998.0 972201.0 551944.0 504786.0 243480.0 868976.0 483334.0 849212.0 676411.0 
929505.0 275765.0 214081.0 782873.0 804020.0 544878.0 979395.0 331058.0 487245.0 624415.0 331976.0 225373.0 174165.0 198939.0 503843.0 640556.0 626487.0 770892.0 111105.0 340973.0 370228.0 731395.0 579857.0 144461.0 415908.0 628272.0 95505.0 720792.0 884042.0 800493.0 505970.0 547867.0 925970.0 187892.0 308775.0 104811.0 996585.0 858546.0 534671.0 446590.0 666553.0 167091.0 677565.0 893110.0 551552.0 361660.0 439520.0 836030.0 449228.0 27383.0 763028.0 322509.0 565461.0 572425.0 152068.0 85192.0 911735.0 518848.0 376313.0 255172.0 2122.0 798760.0 35588.0 238185.0 
256608.0 34493.0 660548.0 443442.0 263450.0 203898.0 67093.0 12112.0 945063.0 952784.0 457557.0 304622.0 293850.0 36338.0 372308.0 157264.0 111655.0 623053.0 65368.0 404117.0 351611.0 441877.0 812745.0 612891.0 357493.0 499003.0 878911.0 137857.0 960388.0 755194.0 418855.0 650951.0 587806.0 946833.0 629644.0 745554.0 674841.0 444747.0 678984.0 450381.0 965738.0 642874.0 535238.0 194985.0 901241.0 452290.0 521074.0 237316.0 216285.0 780049.0 51328.0 764455.0 844857.0 384364.0 484694.0 191786.0 845490.0 777765.0 441303.0 381106.0 860812.0 216617.0 853133.0 438555.0 
992608.0 195637.0 682610.0 313520.0 502780.0 498025.0 712091.0 366359.0 699927.0 218677.0 622146.0 556234.0 53679.0 946992.0 429230.0 556864.0 953217.0 716423.0 811777.0 645994.0 847076.0 188434.0 232734.0 497689.0 765571.0 377922.0 90933.0 864636.0 586549.0 935671.0 23340.0 668743.0 757563.0 153134.0 829611.0 276080.0 130645.0 890776.0 183108.0 443667.0 858625.0 425221.0 590142.0 23286.0 525265.0 638399.0 45437.0 426406.0 401960.0 840564.0 512079.0 926720.0 211216.0 413899.0 306709.0 334924.0 701883.0 160727.0 283084.0 429187.0 228053.0 296617.0 136951.0 427121.0 
840450.0 253439.0 659691.0 245493.0 149753.0 144219.0 774966.0 457702.0 1084.0 648815.0 715309.0 398032.0 11955.0 72372.0 537361.0 677212.0 158820.0 429338.0 975901.0 749133.0 428114.0 666202.0 741999.0 632039.0 963311.0 860967.0 556496.0 750250.0 555070.0 489026.0 144738.0 711868.0 393674.0 144045.0 421477.0 353828.0 130044.0 890231.0 576678.0 434674.0 500829.0 257654.0 569732.0 569789.0 712553.0 292691.0 580320.0 678917.0 129804.0 139327.0 152672.0 562806.0 758332.0 441412.0 63136.0 199630.0 293170.0 913846.0 191415.0 806101.0 47430.0 40392.0 889057.0 846155.0 
840422.0 155771.0 185486.0 188192.0 159538.0 880304.0 509766.0 312861.0 372535.0 56095.0 910519.0 737440.0 568327.0 886176.0 960733.0 647620.0 34609.0 550823.0 53900.0 256927.0 905571.0 734605.0 28573.0 181413.0 212568.0 743177.0 88627.0 675049.0 808191.0 194749.0 692584.0 150084.0 729066.0 225453.0 280793.0 137806.0 508847.0 563402.0 503243.0 717065.0 727391.0 136556.0 20473.0 831710.0 125088.0 548511.0 39995.0 568063.0 272362.0 61268.0 318420.0 641003.0 365914.0 153465.0 413144.0 103888.0 641142.0 226915.0 749048.0 698058.0 682750.0 682918.0 136236.0 613962.0 
74923.0 424519.0 518972.0 927442.0 195271.0 785225.0 191658.0 235292.0 220136.0 263331.0 274943.0 853594.0 504842.0 10707.0 213041.0 53465.0 400328.0 327820.0 984877.0 564607.0 253239.0 344331.0 413447.0 397235.0 53343.0 369288.0 121468.0 748571.0 194903.0 207943.0 630368.0 863808.0 382140.0 907597.0 921320.0 693519.0 959374.0 827440.0 74262.0 939449.0 739047.0 752136.0 29501.0 478329.0 581656.0 584386.0 678256.0 819445.0 392609.0 542995.0 540299.0 352574.0 284109.0 890760.0 123613.0 736818.0 493864.0 470396.0 223793.0 638785.0 754270.0 2020.0 142456.0 579148.0 
152946.0 244996.0 586196.0 762921.0 722903.0 150084.0 66435.0 244739.0 793262.0 365213.0 250150.0 281183.0 750749.0 485934.0 973165.0 611961.0 224392.0 612267.0 692257.0 846541.0 336943.0 138996.0 437774.0 437681.0 579556.0 502404.0 377739.0 280287.0 164327.0 869696.0 914280.0 784785.0 273248.0 848175.0 125042.0 974469.0 106360.0 572041.0 28581.0 594848.0 371988.0 185832.0 464367.0 588527.0 967214.0 812187.0 664861.0 683912.0 7250.0 8154.0 769956.0 409103.0 72563.0 299731.0 317262.0 349524.0 876840.0 532259.0 217024.0 915738.0 205574.0 466080.0 524900.0 562163.0 
205722.0 942611.0 754871.0 572294.0 198979.0 991171.0 301744.0 518515.0 468330.0 959276.0 487372.0 819917.0 698080.0 327695.0 642675.0 176710.0 129874.0 682851.0 45128.0 821737.0 645355.0 123945.0 288274.0 510336.0 716550.0 383709.0 210882.0 137621.0 362703.0 643080.0 786528.0 20246.0 26549.0 215410.0 410390.0 838097.0 35533.0 189685.0 442713.0 381087.0 9606.0 27693.0 469232.0 775582.0 274821.0 870796.0 983842.0 181335.0 819037.0 788170.0 485632.0 276158.0 992172.0 338681.0 755212.0 947671.0 449685.0 764086.0 961093.0 945333.0 914325.0 736316.0 208208.0 365853.0 
498564.0 297746.0 61637.0 713546.0 292843.0 81061.0 260179.0 187338.0 1340.0 149680.0 135440.0 676550.0 708274.0 54935.0 552224.0 704351.0 771398.0 35796.0 76033.0 841203.0 244555.0 591496.0 740722.0 336702.0 140582.0 728499.0 563390.0 556637.0 101294.0 181695.0 939561.0 619054.0 693724.0 536503.0 469493.0 481684.0 660399.0 558549.0 501329.0 432087.0 45023.0 913720.0 930079.0 535720.0 289531.0 588788.0 653665.0 149889.0 238241.0 766724.0 570879.0 761515.0 653274.0 736602.0 794231.0 609689.0 701008.0 27031.0 226017.0 904626.0 886508.0 7254.0 282334.0 493420.0 
364560.0 182499.0 244829.0 314580.0 979758.0 334282.0 126921.0 518442.0 102275.0 520009.0 868819.0 314280.0 685940.0 989735.0 326295.0 353763.0 82947.0 628318.0 167789.0 460683.0 701614.0 498867.0 359887.0 553037.0 847204.0 240295.0 501730.0 692823.0 113444.0 105606.0 67555.0 855931.0 283189.0 704412.0 796463.0 69293.0 476284.0 314567.0 498414.0 871015.0 600061.0 770600.0 229086.0 761900.0 339441.0 785331.0 851000.0 682600.0 389503.0 542310.0 776768.0 376182.0 632859.0 675735.0 862062.0 323068.0 112312.0 477861.0 711540.0 299313.0 288875.0 865296.0 247660.0 868095.0 
878365.0 650085.0 648160.0 499140.0 406829.0 31186.0 473717.0 904178.0 847712.0 846168.0 950068.0 754837.0 360005.0 591773.0 216950.0 423476.0 945642.0 313121.0 594860.0 818897.0 330036.0 102537.0 668488.0 465740.0 263519.0 250583.0 949196.0 140900.0 797011.0 197243.0 223405.0 804828.0 291039.0 51778.0 448227.0 393148.0 636244.0 543469.0 964048.0 848814.0 180544.0 709341.0 418954.0 285129.0 754118.0 876585.0 938119.0 16556.0 375127.0 363602.0 342436.0 795264.0 446351.0 57614.0 770962.0 273311.0 94702.0 324032.0 891870.0 918995.0 286897.0 821961.0 32923.0 391030.0 
662540.0 411512.0 609773.0 869177.0 727943.0 429085.0 46581.0 336001.0 546098.0 909115.0 483348.0 751468.0 566598.0 918427.0 308510.0 512818.0 595610.0 307325.0 837533.0 886694.0 436927.0 143402.0 23551.0 710362.0 140152.0 425701.0 60765.0 841890.0 811353.0 468224.0 144744.0 397682.0 521147.0 230346.0 447346.0 340513.0 479641.0 311014.0 760214.0 355534.0 718858.0 528183.0 784518.0 130081.0 390171.0 967479.0 361199.0 227627.0 441992.0 968423.0 133707.0 960807.0 873943.0 960160.0 836738.0 774882.0 378258.0 835209.0 535102.0 663350.0 851743.0 881570.0 112970.0 821042.0 
270461.0 601404.0 558693.0 956246.0 809629.0 826059.0 169705.0 102201.0 957595.0 916884.0 284115.0 283789.0 821079.0 217408.0 44078.0 299259.0 582644.0 917843.0 995937.0 587112.0 695789.0 255670.0 592593.0 232473.0 888975.0 795568.0 17908.0 312051.0 963479.0 646131.0 934516.0 739611.0 808872.0 928595.0 186555.0 780540.0 866216.0 678609.0 47521.0 967975.0 422009.0 700886.0 242544.0 830932.0 282447.0 781691.0 837776.0 312454.0 117491.0 326341.0 587220.0 670029.0 674195.0 31086.0 999519.0 851045.0 755971.0 872862.0 322484.0 690172.0 340052.0 430777.0 235802.0 688785.0 
701775.0 29201.0 178408.0 511096.0 258767.0 299452.0 791346.0 69114.0 835768.0 477377.0 358096.0 988953.0 277336.0 226796.0 237448.0 957744.0 985304.0 817537.0 846039.0 368121.0 717278.0 344781.0 553569.0 139433.0 667843.0 620632.0 308786.0 226358.0 30508.0 950454.0 63408.0 360440.0 615687.0 42045.0 671520.0 772973.0 511908.0 909968.0 90129.0 435543.0 72365.0 301338.0 194216.0 428800.0 427780.0 913495.0 578633.0 624990.0 569207.0 252172.0 590879.0 616209.0 652194.0 301271.0 168265.0 455688.0 665890.0 676321.0 175074.0 499716.0 526385.0 449967.0 667690.0 820213.0 
141603.0 170456.0 212438.0 664192.0 837564.0 125969.0 596848.0 637026.0 405612.0 925732.0 963756.0 398318.0 107048.0 927743.0 341449.0 98098.0 562341.0 930665.0 413728.0 64504.0 163827.0 221775.0 198413.0 37544.0 74613.0 162429.0 748535.0 520075.0 34809.0 321192.0 759549.0 853482.0 11064.0 649063.0 150846.0 196820.0 966635.0 712194.0 546053.0 169727.0 682951.0 217315.0 85008.0 45766.0 759767.0 983210.0 217083.0 733009.0 515381.0 308636.0 653454.0 587923.0 664037.0 319995.0 148768.0 180524.0 676878.0 68784.0 549413.0 857262.0 55638.0 726373.0 825563.0 541628.0 
636057.0 643503.0 402446.0 22542.0 814853.0 229289.0 312707.0 181458.0 679765.0 973532.0 931207.0 659501.0 266215.0 168090.0 652628.0 89695.0 225980.0 967210.0 321692.0 630661.0 996812.0 788445.0 423861.0 592951.0 908292.0 841407.0 952226.0 165009.0 742877.0 485673.0 883578.0 352528.0 8922.0 373940.0 100664.0 184530.0 724638.0 282376.0 915806.0 55423.0 441895.0 751506.0 548038.0 591431.0 608939.0 278035.0 707270.0 661889.0 293709.0 743445.0 10495.0 768115.0 426812.0 193786.0 180930.0 414959.0 394345.0 566957.0 55072.0 135642.0 537442.0 807289.0 263949.0 494024.0 
573264.0 557048.0 68336.0 506627.0 606537.0 792931.0 496010.0 816299.0 678355.0 228937.0 917440.0 31223.0 518134.0 58779.0 870470.0 577177.0 451517.0 115556.0 170730.0 358784.0 496521.0 446229.0 125883.0 577911.0 604881.0 749310.0 646036.0 947499.0 100537.0 379929.0 478408.0 847049.0 774990.0 686273.0 112811.0 41542.0 42204.0 257792.0 639931.0 263992.0 691308.0 60741.0 287530.0 144161.0 419358.0 518516.0 126089.0 878477.0 546335.0 166488.0 601170.0 740561.0 232198.0 979828.0 92242.0 664307.0 655120.0 296183.0 459441.0 979624.0 387574.0 373261.0 951072.0 514552.0 
682473.0 146898.0 239133.0 738110.0 352362.0 96865.0 260198.0 609611.0 970695.0 685835.0 983416.0 798123.0 941749.0 953764.0 560258.0 161407.0 459719.0 802295.0 595755.0 804425.0 120329.0 957785.0 399613.0 206215.0 289403.0 548827.0 882028.0 117302.0 153517.0 55449.0 902471.0 564535.0 254132.0 5871.0 137594.0 487695.0 691718.0 987979.0 838525.0 257353.0 646263.0 662366.0 349533.0 850422.0 48721.0 306605.0 731557.0 891157.0 546825.0 130628.0 883305.0 530765.0 530980.0 917577.0 158638.0 451478.0 142310.0 907310.0 596153.0 841208.0 631474.0 63936.0 579379.0 807148.0 
740547.0 865373.0 73013.0 618591.0 879941.0 225026.0 191862.0 572244.0 702353.0 502146.0 107470.0 23784.0 343620.0 588243.0 454118.0 173361.0 950011.0 94019.0 807167.0 713792.0 813548.0 146760.0 191963.0 986694.0 986276.0 211444.0 91147.0 358355.0 610009.0 260615.0 670358.0 896697.0 603179.0 711263.0 597443.0 155087.0 553916.0 226762.0 568836.0 826514.0 50088.0 517180.0 361663.0 145957.0 612323.0 150300.0 22906.0 491897.0 594286.0 132472.0 617441.0 354247.0 904822.0 178457.0 967095.0 475130.0 871049.0 135538.0 628055.0 299.0 487477.0 76722.0 583462.0 402308.0 
731135.0 341625.0 631896.0 459141.0 408893.0 774566.0 818331.0 99109.0 362321.0 616335.0 536931.0 240080.0 377282.0 669578.0 172051.0 515151.0 508344.0 231656.0 584901.0 338310.0 125780.0 501186.0 759734.0 735062.0 282346.0 724331.0 588881.0 695843.0 19420.0 121989.0 295190.0 72688.0 76436.0 470063.0 887847.0 734821.0 179165.0 211548.0 888367.0 902899.0 700574.0 212223.0 480239.0 815182.0 623093.0 653538.0 89831.0 450969.0 696620.0 451350.0 358301.0 850208.0 908955.0 322949.0 567373.0 736830.0 577882.0 557219.0 697453.0 260063.0 944864.0 669059.0 192411.0 233056.0 
456509.0 663814.0 625061.0 366291.0 354800.0 756142.0 848053.0 732318.0 486502.0 398352.0 977943.0 491074.0 246096.0 953576.0 715752.0 273850.0 533151.0 839495.0 947166.0 489274.0 263583.0 131431.0 31342.0 169238.0 475309.0 53663.0 821022.0 692420.0 174870.0 16625.0 903783.0 892538.0 167630.0 87425.0 749190.0 700337.0 88842.0 613537.0 788895.0 822348.0 781690.0 949063.0 888206.0 470545.0 93734.0 282656.0 414412.0 180693.0 575652.0 375549.0 497019.0 153399.0 753076.0 210347.0 978319.0 375618.0 915640.0 890530.0 898200.0 742134.0 23506.0 564307.0 705903.0 852897.0 
856796.0 597604.0 376509.0 531622.0 807871.0 495928.0 798243.0 344287.0 781168.0 491623.0 270665.0 182431.0 113485.0 28173.0 29575.0 787984.0 966800.0 652286.0 337257.0 594235.0 14061.0 566359.0 388514.0 244775.0 880462.0 44272.0 611153.0 129816.0 419305.0 929773.0 820840.0 560440.0 335354.0 61876.0 542207.0 97876.0 529378.0 260729.0 99508.0 394621.0 746076.0 919348.0 549500.0 386447.0 287768.0 265396.0 413131.0 139278.0 673974.0 783117.0 592540.0 836907.0 434912.0 263085.0 179549.0 602407.0 100996.0 428685.0 667770.0 389199.0 224557.0 195843.0 288389.0 573733.0 
298237.0 610163.0 408511.0 875935.0 464265.0 441254.0 558854.0 708104.0 568273.0 656755.0 804570.0 899845.0 998554.0 33433.0 203469.0 970483.0 414314.0 949743.0 197639.0 624299.0 441247.0 583922.0 253491.0 942951.0 204589.0 222910.0 246346.0 979582.0 920626.0 650776.0 893242.0 709067.0 337784.0 77480.0 296242.0 691500.0 129926.0 928068.0 129741.0 909222.0 839523.0 2215.0 416088.0 753126.0 276072.0 230016.0 46018.0 687330.0 418241.0 626279.0 541215.0 791262.0 679296.0 700074.0 392281.0 825419.0 851165.0 729606.0 631987.0 920266.0 466510.0 338417.0 503355.0 154574.0 
830463.0 863188.0 85388.0 211487.0 977391.0 673622.0 762045.0 840698.0 68967.0 420756.0 451818.0 65685.0 993559.0 317868.0 710365.0 666049.0 714766.0 58169.0 316824.0 761513.0 100565.0 167385.0 547137.0 413431.0 692649.0 923369.0 433770.0 761110.0 105172.0 356242.0 914172.0 491026.0 183591.0 981373.0 824641.0 848219.0 365526.0 318626.0 281739.0 946728.0 208944.0 398014.0 407811.0 252407.0 331641.0 715299.0 100497.0 782579.0 451493.0 286761.0 715429.0 359983.0 264500.0 928386.0 263777.0 261007.0 805989.0 627435.0 608099.0 624135.0 245016.0 675839.0 332978.0 99514.0 
569411.0 527782.0 422532.0 980804.0 598352.0 488874.0 87977.0 831379.0 139794.0 662570.0 208024.0 466544.0 835939.0 383911.0 30804.0 232284.0 671003.0 75835.0 145275.0 166101.0 542447.0 45034.0 632427.0 889720.0 661731.0 282513.0 546449.0 868672.0 740077.0 547771.0 172880.0 377708.0 790248.0 403283.0 965770.0 6591.0 407537.0 530163.0 500621.0 159137.0 717730.0 616603.0 426653.0 988003.0 162537.0 649597.0 542362.0 578208.0 638276.0 285684.0 424078.0 927807.0 735835.0 67477.0 890005.0 833620.0 239161.0 794846.0 256745.0 572838.0 376169.0 592396.0 3273.0 506507.0 
729129.0 904840.0 570118.0 742512.0 785421.0 266497.0 827050.0 992245.0 363443.0 4117.0 867461.0 651701.0 416671.0 253352.0 984981.0 122531.0 493683.0 600088.0 433169.0 869327.0 752268.0 35399.0 481682.0 188104.0 454971.0 656279.0 419807.0 56796.0 690334.0 860596.0 489811.0 927163.0 578651.0 991242.0 923885.0 820026.0 426744.0 359896.0 112116.0 306675.0 279194.0 852892.0 12997.0 384841.0 695641.0 569966.0 57787.0 408457.0 587836.0 380713.0 727609.0 445228.0 22870.0 664451.0 774614.0 561145.0 124028.0 496382.0 859558.0 156935.0 963553.0 515063.0 229217.0 303392.0 
360977.0 63516.0 298547.0 201026.0 553606.0 628091.0 509279.0 944895.0 10410.0 137653.0 503760.0 718852.0 159530.0 670993.0 648254.0 208822.0 240115.0 678189.0 739065.0 733496.0 330380.0 197967.0 812822.0 430345.0 717328.0 422937.0 888307.0 90891.0 612166.0 259483.0 220776.0 390174.0 971359.0 838339.0 350091.0 818155.0 669259.0 447471.0 14752.0 296317.0 930104.0 684259.0 683484.0 377545.0 986024.0 875734.0 629780.0 547022.0 401069.0 534119.0 189383.0 660439.0 862148.0 345645.0 626116.0 647646.0 201100.0 827179.0 163897.0 73483.0 236193.0 544867.0 781722.0 707673.0 
480090.0 252481.0 289386.0 336090.0 825947.0 662968.0 724713.0 447249.0 322519.0 442282.0 272475.0 454397.0 689509.0 277313.0 974064.0 139253.0 934718.0 792603.0 358549.0 733806.0 739281.0 501986.0 96534.0 120922.0 607683.0 526457.0 742062.0 523499.0 550022.0 687314.0 968493.0 703605.0 761749.0 943900.0 875972.0 906418.0 403337.0 452378.0 324720.0 476767.0 938651.0 253327.0 845441.0 18883.0 258871.0 273109.0 854726.0 483535.0 353785.0 784462.0 432535.0 352993.0 188934.0 888177.0 993279.0 675939.0 785674.0 789894.0 418627.0 537744.0 904585.0 377389.0 990931.0 720727.0 
644516.0 763863.0 813581.0 756056.0 655723.0 861144.0 396520.0 254795.0 249113.0 151253.0 182659.0 410048.0 953904.0 4888.0 934922.0 402752.0 429554.0 70018.0 640130.0 13011.0 774521.0 719008.0 918003.0 226011.0 783731.0 152406.0 37999.0 955934.0 371774.0 388343.0 746818.0 871009.0 739612.0 382071.0 936376.0 638447.0 933331.0 807928.0 244485.0 902457.0 103460.0 674496.0 778453.0 926423.0 109733.0 286924.0 260657.0 38253.0 516285.0 923774.0 633162.0 471080.0 269052.0 580657.0 418598.0 958504.0 995413.0 242541.0 542436.0 111096.0 224121.0 806774.0 604077.0 878456.0 
823504.0 504575.0 796921.0 569244.0 705110.0 531708.0 990395.0 754637.0 537809.0 644885.0 706667.0 752237.0 730666.0 992886.0 370798.0 428280.0 619439.0 524803.0 73955.0 3206.0 488292.0 833513.0 176844.0 992556.0 355906.0 431376.0 798295.0 236226.0 74829.0 880364.0 532232.0 181440.0 900245.0 988467.0 44870.0 555586.0 157513.0 189545.0 449471.0 435755.0 87026.0 958550.0 872376.0 149157.0 190164.0 963418.0 881972.0 700486.0 178460.0 176471.0 368064.0 8910.0 865157.0 971148.0 233753.0 406477.0 881550.0 266306.0 868731.0 621858.0 478480.0 420766.0 448840.0 520029.0 
751166.0 700183.0 756433.0 511750.0 692862.0 961282.0 980419.0 503159.0 663454.0 843337.0 777201.0 564196.0 974964.0 790715.0 388281.0 456827.0 593367.0 9853.0 316822.0 222310.0 951220.0 193629.0 256066.0 769070.0 712205.0 373063.0 612422.0 331769.0 512212.0 470736.0 235295.0 364596.0 328224.0 819632.0 423758.0 717452.0 872906.0 625037.0 280253.0 203733.0 5607.0 193714.0 383433.0 388686.0 764257.0 640158.0 803184.0 583228.0 80372.0 552953.0 267992.0 820402.0 659458.0 100514.0 971258.0 171442.0 463700.0 273443.0 957673.0 185966.0 464750.0 264774.0 131139.0 247655.0 
987534.0 240769.0 91315.0 978871.0 778305.0 672332.0 218528.0 667305.0 177057.0 823123.0 73525.0 535302.0 3950.0 981639.0 16206.0 735275.0 624136.0 201871.0 669884.0 588629.0 917766.0 630877.0 996533.0 599231.0 664887.0 925979.0 110107.0 334498.0 956851.0 35779.0 830439.0 518747.0 82908.0 65166.0 988658.0 750571.0 74934.0 24836.0 871072.0 925848.0 504480.0 244786.0 414057.0 25904.0 136111.0 874298.0 24517.0 85165.0 742694.0 786692.0 188979.0 434612.0 580051.0 475859.0 967143.0 321656.0 988424.0 247730.0 246414.0 33148.0 685941.0 311436.0 891263.0 388085.0 
497695.0 61211.0 826559.0 509197.0 652735.0 741689.0 789361.0 755012.0 860217.0 918994.0 309400.0 939569.0 134199.0 128251.0 313930.0 326439.0 545250.0 359451.0 780084.0 573618.0 297149.0 418119.0 509636.0 235457.0 984414.0 6188.0 174391.0 108061.0 536777.0 311333.0 200063.0 524055.0 922154.0 314413.0 720336.0 120769.0 36783.0 713966.0 502087.0 726994.0 606016.0 126968.0 345399.0 182125.0 915484.0 954317.0 231122.0 489019.0 406417.0 560473.0 156465.0 513140.0 547223.0 496639.0 965376.0 643901.0 222218.0 561486.0 602953.0 105900.0 447107.0 899218.0 43483.0 841383.0 
101842.0 777927.0 613015.0 976106.0 599833.0 866089.0 605206.0 831015.0 430344.0 114983.0 391930.0 66823.0 157360.0 654261.0 703376.0 979343.0 515078.0 919360.0 343327.0 676510.0 175031.0 614781.0 24400.0 507026.0 353378.0 913307.0 770873.0 485771.0 541239.0 766807.0 555208.0 810439.0 380586.0 112301.0 423816.0 989036.0 350867.0 605996.0 84179.0 625253.0 494053.0 479523.0 624405.0 36644.0 154376.0 151863.0 367800.0 398085.0 39702.0 21782.0 663985.0 374675.0 57967.0 169926.0 527782.0 94243.0 582714.0 343383.0 587387.0 692894.0 469560.0 460151.0 188472.0 153437.0 
181766.0 294628.0 663768.0 911789.0 8751.0 938876.0 904561.0 538161.0 822443.0 855408.0 255099.0 8423.0 719417.0 597207.0 466302.0 99331.0 651924.0 643615.0 613148.0 351607.0 411797.0 799326.0 376568.0 624532.0 642276.0 584710.0 968002.0 208650.0 663132.0 317431.0 341601.0 381899.0 235131.0 65967.0 325691.0 676686.0 200962.0 509532.0 703972.0 119472.0 620143.0 230482.0 970848.0 15220.0 452629.0 393560.0 248151.0 592747.0 150229.0 848989.0 424532.0 259631.0 92347.0 860104.0 831225.0 407113.0 591735.0 233517.0 845699.0 384243.0 696118.0 667547.0 263926.0 721015.0 
356380.0 213586.0 110501.0 858806.0 561888.0 791954.0 203360.0 22340.0 668869.0 694094.0 858554.0 764849.0 472753.0 650304.0 236405.0 40035.0 507308.0 441238.0 813004.0 224734.0 987830.0 574538.0 81181.0 257126.0 605252.0 720655.0 377330.0 865212.0 46937.0 907431.0 147435.0 424323.0 874174.0 626065.0 91401.0 263046.0 759966.0 625760.0 850457.0 935187.0 295168.0 230375.0 389883.0 882175.0 352673.0 771025.0 322062.0 725197.0 919405.0 24909.0 476474.0 629226.0 537946.0 745958.0 819353.0 673423.0 715617.0 911280.0 210946.0 799561.0 549018.0 454622.0 80564.0 57045.0 
93556.0 666865.0 648988.0 501349.0 38862.0 579723.0 51715.0 179263.0 904692.0 428962.0 344727.0 387717.0 746297.0 206032.0 754772.0 168143.0 926509.0 224454.0 386767.0 278708.0 859963.0 172641.0 210655.0 578792.0 897698.0 845717.0 497384.0 571327.0 691214.0 931397.0 704069.0 71632.0 21266.0 902517.0 229778.0 890548.0 138436.0 982295.0 767251.0 837678.0 21046.0 273217.0 55492.0 736101.0 605196.0 536256.0 26685.0 950476.0 854655.0 128454.0 127682.0 139234.0 354413.0 246782.0 290661.0 854997.0 174554.0 75905.0 126296.0 350466.0 607815.0 871328.0 114579.0 253847.0 
996653.0 534817.0 88222.0 791322.0 762454.0 779208.0 628860.0 902978.0 407513.0 394954.0 197684.0 763779.0 537520.0 172519.0 652861.0 478951.0 878135.0 955920.0 701893.0 877016.0 983171.0 669699.0 562014.0 603770.0 546525.0 175736.0 412101.0 168181.0 885530.0 42931.0 535633.0 690000.0 747992.0 769402.0 754037.0 555193.0 7831.0 737953.0 355633.0 668769.0 275121.0 373953.0 195675.0 843780.0 854775.0 320775.0 328454.0 330310.0 600042.0 850024.0 803276.0 648185.0 608915.0 286706.0 373822.0 522747.0 975680.0 781566.0 200612.0 775869.0 125467.0 877506.0 752754.0 506590.0 
674536.0 437379.0 868554.0 690613.0 628058.0 832167.0 823464.0 9070.0 926419.0 889512.0 142063.0 466059.0 760887.0 693541.0 400717.0 952012.0 991084.0 828499.0 41741.0 593002.0 974256.0 234448.0 309497.0 523708.0 676886.0 904728.0 876521.0 127613.0 289374.0 415952.0 316012.0 32997.0 103024.0 873472.0 393554.0 88051.0 388981.0 423838.0 334037.0 869004.0 132754.0 596677.0 201378.0 377725.0 163714.0 840133.0 815879.0 656925.0 428495.0 541331.0 731578.0 547406.0 578733.0 978977.0 677699.0 596578.0 431539.0 127049.0 824263.0 64537.0 317239.0 974242.0 441203.0 318345.0 
868036.0 243445.0 738177.0 751575.0 807802.0 788938.0 603114.0 741345.0 398211.0 272731.0 109160.0 377790.0 112494.0 804842.0 897191.0 810397.0 125929.0 570670.0 17863.0 40778.0 875359.0 764393.0 11728.0 268559.0 273324.0 297301.0 724339.0 40951.0 45497.0 262460.0 711225.0 136813.0 285049.0 513575.0 545739.0 302020.0 468095.0 891822.0 366556.0 321680.0 858937.0 139310.0 155383.0 959217.0 955853.0 920281.0 16096.0 762224.0 245198.0 21672.0 82730.0 445633.0 430427.0 83051.0 155669.0 374440.0 65812.0 849024.0 368417.0 281273.0 749434.0 189794.0 57843.0 281719.0 
963682.0 385753.0 78499.0 470302.0 554518.0 855887.0 803744.0 51325.0 199945.0 552899.0 844993.0 736314.0 576692.0 379607.0 94568.0 683577.0 202769.0 753667.0 336853.0 478936.0 624883.0 811052.0 940741.0 3793.0 648320.0 266447.0 244484.0 782531.0 247821.0 770263.0 445526.0 798986.0 980948.0 907343.0 164222.0 231498.0 610708.0 846514.0 996969.0 518731.0 174597.0 289181.0 330234.0 170366.0 282231.0 943909.0 647731.0 985310.0 788934.0 287813.0 945532.0 757234.0 547900.0 496112.0 997459.0 46767.0 742787.0 269893.0 706193.0 780346.0 886469.0 518177.0 352021.0 25738.0 
960098.0 497614.0 838799.0 608940.0 614989.0 682968.0 240939.0 166880.0 657924.0 777536.0 650903.0 47905.0 418090.0 977546.0 461427.0 157570.0 481730.0 969521.0 987157.0 317876.0 915658.0 892475.0 380021.0 596644.0 912562.0 789543.0 879548.0 158593.0 731191.0 9730.0 951012.0 215451.0 927713.0 747032.0 968907.0 922855.0 17621.0 150024.0 453658.0 761055.0 655447.0 831281.0 360844.0 871686.0 506720.0 585928.0 842782.0 223497.0 991768.0 160204.0 77074.0 644993.0 51505.0 968336.0 653535.0 950998.0 863968.0 116535.0 88376.0 708093.0 123320.0 97855.0 640567.0 288353.0 
174500.0 18676.0 54374.0 388896.0 775744.0 685700.0 790250.0 293420.0 558421.0 360755.0 249805.0 357138.0 109871.0 597605.0 701926.0 614231.0 648989.0 847320.0 264103.0 563454.0 538501.0 774773.0 146307.0 822439.0 250721.0 64443.0 729722.0 394385.0 313818.0 547931.0 208258.0 684736.0 828927.0 822499.0 141395.0 30394.0 866210.0 383186.0 939920.0 582571.0 256463.0 229322.0 549645.0 939624.0 313514.0 550691.0 526849.0 690704.0 340452.0 218331.0 203145.0 350159.0 318873.0 270828.0 599574.0 795132.0 337482.0 791734.0 406389.0 474530.0 172530.0 941212.0 374777.0 507036.0 
467271.0 122539.0 170183.0 5914.0 148942.0 623604.0 691262.0 858944.0 980251.0 797882.0 235905.0 903533.0 420452.0 236167.0 91298.0 72281.0 904513.0 5785.0 600428.0 727.0 531267.0 493754.0 662157.0 958202.0 133550.0 281773.0 123870.0 73940.0 812500.0 548164.0 6929.0 52249.0 822031.0 802511.0 727798.0 766883.0 322650.0 88366.0 115306.0 561551.0 452556.0 808520.0 813724.0 875012.0 167283.0 49300.0 350141.0 193940.0 526985.0 123348.0 640516.0 393402.0 762197.0 718114.0 69979.0 203139.0 934753.0 869347.0 809833.0 612234.0 838484.0 371416.0 160061.0 280284.0 
239339.0 64339.0 104596.0 565114.0 780120.0 598598.0 435143.0 440700.0 449207.0 87479.0 199124.0 132754.0 181737.0 930639.0 904262.0 252070.0 208143.0 778642.0 463940.0 412125.0 617061.0 378282.0 801332.0 345277.0 819128.0 39196.0 316234.0 787241.0 510533.0 224028.0 724465.0 574535.0 71216.0 534139.0 625044.0 823106.0 875998.0 556158.0 644105.0 617323.0 504879.0 227531.0 117338.0 700666.0 578843.0 762301.0 522098.0 182579.0 551848.0 426070.0 626593.0 163044.0 90885.0 594260.0 466060.0 713034.0 1735.0 107548.0 260340.0 342612.0 597181.0 461011.0 581089.0 85567.0 
849521.0 333836.0 478378.0 886944.0 290366.0 924315.0 294180.0 333824.0 61513.0 318600.0 465701.0 160481.0 633949.0 92191.0 459636.0 191135.0 174567.0 876325.0 413518.0 52082.0 225930.0 362789.0 88727.0 273808.0 274080.0 822824.0 315676.0 844527.0 12879.0 197122.0 230401.0 687144.0 427459.0 180361.0 725516.0 576567.0 641293.0 195553.0 967564.0 79775.0 826968.0 239539.0 324391.0 893419.0 725379.0 607868.0 771647.0 733966.0 116384.0 566017.0 297985.0 890540.0 830665.0 384481.0 994890.0 547762.0 106458.0 267587.0 890933.0 274719.0 210446.0 243309.0 930565.0 580774.0 
386425.0 712118.0 387564.0 151340.0 258591.0 899028.0 434806.0 121708.0 929136.0 834639.0 964437.0 976378.0 321249.0 709399.0 872329.0 83493.0 610280.0 500336.0 673196.0 25269.0 191252.0 654347.0 352983.0 189075.0 514758.0 712369.0 324212.0 697992.0 390480.0 594840.0 890530.0 94366.0 410408.0 163160.0 96126.0 654755.0 370056.0 193271.0 45140.0 662475.0 541926.0 618592.0 307362.0 539893.0 621451.0 929971.0 538117.0 344518.0 984211.0 904886.0 827395.0 398770.0 909824.0 492136.0 753908.0 322393.0 8442.0 803446.0 785357.0 229709.0 465767.0 409159.0 325258.0 31282.0 
343971.0 264626.0 857912.0 994559.0 89180.0 384079.0 254364.0 117281.0 496013.0 13355.0 127363.0 682494.0 890965.0 488213.0 290728.0 55254.0 986867.0 132309.0 544443.0 601158.0 382433.0 434173.0 733652.0 899559.0 270281.0 571671.0 824436.0 914259.0 777256.0 247997.0 762099.0 278919.0 963070.0 108360.0 446540.0 16484.0 76975.0 109408.0 417601.0 339408.0 590394.0 597107.0 25260.0 944953.0 899283.0 41089.0 706020.0 689850.0 631774.0 565523.0 45896.0 884758.0 822026.0 695819.0 78891.0 105889.0 15368.0 455127.0 595612.0 616061.0 565031.0 260160.0 627536.0 353218.0 
651470.0 106975.0 908654.0 862455.0 70677.0 867694.0 686903.0 93437.0 274240.0 237948.0 661329.0 922700.0 51160.0 281082.0 455918.0 327508.0 432360.0 939251.0 140317.0 785029.0 822993.0 233817.0 493869.0 8746.0 138.0 12026.0 276218.0 305200.0 321656.0 563154.0 405205.0 366213.0 339046.0 46905.0 50068.0 707932.0 824929.0 278589.0 690099.0 510860.0 545907.0 435914.0 890725.0 143768.0 139834.0 86790.0 439675.0 190410.0 835236.0 625465.0 936112.0 475192.0 536137.0 575466.0 17550.0 902824.0 727012.0 712837.0 579457.0 126672.0 704303.0 630903.0 852279.0 831414.0 
541915.0 623452.0 683376.0 849142.0 83369.0 236176.0 830823.0 47906.0 353064.0 869858.0 59677.0 895619.0 177099.0 517799.0 615486.0 250110.0 397286.0 337130.0 55922.0 890706.0 483333.0 247681.0 802051.0 348670.0 331753.0 357243.0 945958.0 642239.0 9120.0 847605.0 721704.0 859511.0 17280.0 101516.0 404662.0 169450.0 479039.0 631084.0 337097.0 687393.0 431986.0 283463.0 171564.0 670321.0 74784.0 428386.0 306987.0 931670.0 128259.0 246793.0 865498.0 136504.0 400858.0 325731.0 223103.0 907920.0 133741.0 635744.0 476125.0 241444.0 73567.0 616718.0 379294.0 322734.0 
421993.0 523723.0 386396.0 890203.0 399801.0 95893.0 963787.0 577391.0 425958.0 27069.0 213767.0 558597.0 141454.0 376443.0 857270.0 173684.0 257038.0 588890.0 975194.0 435150.0 140637.0 679956.0 802742.0 186242.0 885317.0 348792.0 377817.0 627105.0 839103.0 570695.0 573835.0 278717.0 298411.0 946143.0 444691.0 798829.0 331625.0 835791.0 927267.0 881198.0 828375.0 905929.0 517922.0 844004.0 594023.0 216629.0 725076.0 102398.0 548955.0 127842.0 468519.0 70327.0 730976.0 374871.0 365916.0 795000.0 134981.0 90696.0 252943.0 698906.0 760086.0 786788.0 36645.0 363018.0 
933145.0 286795.0 541010.0 728710.0 585124.0 868061.0 461252.0 482371.0 139545.0 266030.0 117424.0 349745.0 950016.0 406997.0 830391.0 225238.0 915967.0 175268.0 436020.0 838551.0 462520.0 700850.0 172837.0 914966.0 387775.0 819987.0 383027.0 282548.0 905718.0 816169.0 364959.0 88311.0 575816.0 685396.0 9163.0 450887.0 114430.0 444932.0 702947.0 31891.0 429953.0 288240.0 138342.0 279953.0 689453.0 32543.0 923989.0 107618.0 872205.0 374884.0 72694.0 881747.0 584633.0 874535.0 703493.0 680640.0 830473.0 763741.0 788280.0 355091.0 489973.0 71961.0 571246.0 14122.0 
530699.0 959548.0 249459.0 915671.0 137547.0 303497.0 69554.0 883072.0 182626.0 134483.0 252984.0 101031.0 477249.0 25879.0 271776.0 987397.0 602522.0 101926.0 695201.0 642511.0 92407.0 953595.0 934256.0 35802.0 788535.0 208363.0 867411.0 664922.0 898341.0 899770.0 400004.0 176070.0 92022.0 121225.0 180862.0 324312.0 332703.0 229805.0 63207.0 688752.0 378449.0 655068.0 650521.0 950168.0 687954.0 686593.0 683214.0 166946.0 229241.0 179311.0 289896.0 651182.0 25990.0 707633.0 201243.0 638600.0 362331.0 206080.0 327288.0 749806.0 306075.0 268750.0 506710.0 196334.0 
901214.0 891583.0 160287.0 99630.0 999694.0 319223.0 533556.0 500678.0 475041.0 595214.0 70270.0 116615.0 843827.0 815968.0 469010.0 983135.0 600703.0 561154.0 398912.0 951956.0 991354.0 932367.0 686585.0 41646.0 664332.0 488032.0 562522.0 480370.0 793259.0 530713.0 240729.0 457416.0 49686.0 890528.0 78155.0 170366.0 51948.0 550953.0 336079.0 596581.0 595878.0 780973.0 352027.0 501081.0 969719.0 117689.0 873697.0 816543.0 434623.0 980195.0 765981.0 877159.0 644326.0 138199.0 909694.0 503408.0 915419.0 71055.0 939374.0 805450.0 985961.0 734369.0 872128.0 408055.0 
734387.0 242866.0 986485.0 638123.0 104396.0 255048.0 95211.0 162291.0 580277.0 320702.0 532707.0 278706.0 828596.0 828368.0 594093.0 96837.0 983245.0 948118.0 58674.0 878792.0 265248.0 133006.0 776030.0 656370.0 978654.0 842130.0 529576.0 670044.0 194217.0 589352.0 775295.0 612319.0 44424.0 440952.0 452306.0 856154.0 973828.0 566552.0 68860.0 766931.0 858082.0 785924.0 976395.0 409333.0 524796.0 515945.0 583340.0 732919.0 863998.0 850592.0 481204.0 839069.0 42170.0 561080.0 794381.0 577560.0 784873.0 901932.0 199419.0 167817.0 559743.0 18099.0 801738.0 767332.0 
365865.0 976759.0 280086.0 210863.0 78822.0 517405.0 928439.0 209512.0 538047.0 891395.0 501639.0 835014.0 569700.0 656968.0 359056.0 317208.0 19493.0 264388.0 979991.0 307402.0 281162.0 721816.0 720831.0 977479.0 777487.0 435105.0 665116.0 219064.0 798591.0 743046.0 897109.0 13225.0 401259.0 426673.0 672053.0 445965.0 932039.0 664539.0 25806.0 674968.0 386338.0 187263.0 640266.0 655626.0 282433.0 865392.0 949903.0 427660.0 137367.0 434630.0 758030.0 281778.0 743394.0 991732.0 920297.0 660577.0 183716.0 692469.0 903423.0 64970.0 437180.0 461669.0 5525.0 342548.0 
323681.0 658540.0 110370.0 205720.0 950332.0 61397.0 928567.0 745222.0 567775.0 283133.0 377097.0 377253.0 652965.0 900262.0 575196.0 932855.0 68646.0 457771.0 512846.0 982010.0 687319.0 911758.0 122046.0 6027.0 272317.0 794285.0 12183.0 352742.0 930700.0 769428.0 701757.0 105672.0 963744.0 975083.0 160850.0 990005.0 808151.0 543632.0 220261.0 621590.0 695433.0 469760.0 857655.0 655034.0 991205.0 357614.0 864812.0 329405.0 189609.0 108342.0 303371.0 3846.0 292349.0 943275.0 990898.0 14377.0 503149.0 802060.0 7897.0 455278.0 118273.0 441622.0 110720.0 132009.0 
229243.0 92147.0 645688.0 491976.0 723245.0 260112.0 307275.0 882091.0 675700.0 905356.0 805706.0 206893.0 620245.0 43148.0 197681.0 533378.0 860274.0 985899.0 271224.0 595769.0 369384.0 340367.0 412537.0 531104.0 695944.0 807639.0 975096.0 316294.0 298865.0 495856.0 38484.0 627099.0 590471.0 275335.0 574217.0 765812.0 736594.0 452696.0 686880.0 286571.0 861685.0 846693.0 745268.0 90916.0 839240.0 676291.0 227745.0 769450.0 695573.0 109518.0 990922.0 283959.0 420140.0 239869.0 274375.0 232274.0 960099.0 323536.0 120042.0 660819.0 193006.0 744230.0 390572.0 71042.0 
601943.0 991339.0 57145.0 678942.0 826522.0 612142.0 123861.0 214841.0 34783.0 764944.0 63273.0 702656.0 832340.0 693272.0 12142.0 881369.0 96678.0 963300.0 609077.0 619941.0 114141.0 834939.0 411472.0 819813.0 192722.0 494333.0 856097.0 214776.0 688781.0 962619.0 383549.0 311042.0 718719.0 135907.0 946107.0 906921.0 213272.0 333716.0 255583.0 668985.0 145542.0 88080.0 745886.0 168807.0 494412.0 734415.0 294158.0 289203.0 398778.0 989424.0 128876.0 727334.0 950991.0 701003.0 917193.0 331707.0 468519.0 321889.0 629905.0 708186.0 212002.0 164149.0 364025.0 720703.0 
501972.0 841908.0 874949.0 565626.0 366946.0 967183.0 203763.0 777871.0 399039.0 762602.0 20871.0 911741.0 653763.0 106540.0 388404.0 237084.0 442533.0 466807.0 516260.0 69407.0 889365.0 885105.0 364196.0 308986.0 867129.0 64449.0 328303.0 952861.0 593217.0 457046.0 166230.0 233309.0 668201.0 314977.0 673480.0 902452.0 140491.0 999203.0 65604.0 996639.0 583198.0 572640.0 673624.0 159461.0 80847.0 602547.0 188052.0 851256.0 245626.0 451771.0 467728.0 466676.0 226693.0 49523.0 612183.0 430468.0 159577.0 296736.0 458735.0 220068.0 944446.0 6691.0 299014.0 114817.0 
44050.0 249262.0 117563.0 624828.0 318630.0 877267.0 895301.0 775693.0 257973.0 663928.0 269252.0 593732.0 90178.0 812455.0 872418.0 939563.0 967181.0 424450.0 934438.0 720840.0 798385.0 247956.0 271253.0 135103.0 481245.0 496770.0 45523.0 98157.0 32992.0 416703.0 807053.0 332068.0 303455.0 953552.0 869493.0 611976.0 402533.0 81260.0 924669.0 285595.0 308789.0 81024.0 910910.0 346481.0 20557.0 605779.0 470425.0 554035.0 128015.0 791576.0 717696.0 173038.0 435863.0 137554.0 130317.0 962072.0 810027.0 514724.0 46927.0 23265.0 493712.0 4916.0 576038.0 814770.0 
91513.0 906235.0 743684.0 616134.0 596891.0 730029.0 831443.0 960033.0 39516.0 794047.0 135413.0 231344.0 848745.0 67353.0 505831.0 294335.0 146342.0 394842.0 521919.0 970961.0 646081.0 702786.0 953364.0 728799.0 438432.0 43713.0 619772.0 770672.0 286776.0 801177.0 485232.0 320593.0 397183.0 928434.0 925324.0 765042.0 622585.0 896890.0 605043.0 255517.0 793839.0 627894.0 198736.0 446803.0 616767.0 907114.0 133943.0 856773.0 92748.0 151393.0 303657.0 80556.0 669653.0 315866.0 836918.0 315397.0 657636.0 85071.0 416765.0 944877.0 524061.0 77667.0 435535.0 193556.0 
